   0.0000000e+00   8.0000000e+02   0.0000000e+00   2.6245139e+03   1.8310952e+02
   1.0000000e+02   8.0000000e+02   0.0000000e+00   2.5466191e+03   3.2152063e+02
   2.0000000e+02   8.0000000e+02   0.0000000e+00   2.4819675e+03   4.4037325e+02
   3.0000000e+02   8.0000000e+02   0.0000000e+00   2.4247088e+03   5.4561345e+02
   4.0000000e+02   8.0000000e+02   0.0000000e+00   2.3735105e+03   6.3950880e+02
   5.0000000e+02   8.0000000e+02   0.0000000e+00   2.3279502e+03   7.2315850e+02
   6.0000000e+02   8.0000000e+02   0.0000000e+00   2.2866109e+03   7.9831074e+02
   7.0000000e+02   8.0000000e+02   0.0000000e+00   2.2499591e+03   8.6611462e+02
   8.0000000e+02   8.0000000e+02   0.0000000e+00   2.2152050e+03   9.2857904e+02
   0.0000000e+00   7.0000000e+02   0.0000000e+00   2.3531607e+03   1.7824585e+02
   1.0000000e+02   7.0000000e+02   0.0000000e+00   2.2971401e+03   3.1671213e+02
   2.0000000e+02   7.0000000e+02   0.0000000e+00   2.2476315e+03   4.3776214e+02
   3.0000000e+02   7.0000000e+02   0.0000000e+00   2.2041302e+03   5.4414263e+02
   4.0000000e+02   7.0000000e+02   0.0000000e+00   2.1657767e+03   6.3870839e+02
   5.0000000e+02   7.0000000e+02   0.0000000e+00   2.1317303e+03   7.2300244e+02
   6.0000000e+02   7.0000000e+02   0.0000000e+00   2.1008407e+03   7.9843806e+02
   7.0000000e+02   7.0000000e+02   0.0000000e+00   2.0731629e+03   8.6668514e+02
   8.0000000e+02   7.0000000e+02   0.0000000e+00   2.0483945e+03   9.2837152e+02
   0.0000000e+00   6.0000000e+02   0.0000000e+00   2.0795528e+03   1.7283543e+02
   1.0000000e+02   6.0000000e+02   0.0000000e+00   2.0426251e+03   3.1395580e+02
   2.0000000e+02   6.0000000e+02   0.0000000e+00   2.0090668e+03   4.3631466e+02
   3.0000000e+02   6.0000000e+02   0.0000000e+00   1.9807606e+03   5.4363852e+02
   4.0000000e+02   6.0000000e+02   0.0000000e+00   1.9556017e+03   6.3842633e+02
   5.0000000e+02   6.0000000e+02   0.0000000e+00   1.9338626e+03   7.2281842e+02
   6.0000000e+02   6.0000000e+02   0.0000000e+00   1.9132830e+03   7.9842601e+02
   7.0000000e+02   6.0000000e+02   0.0000000e+00   1.8957514e+03   8.6655524e+02
   8.0000000e+02   6.0000000e+02   0.0000000e+00   1.8786947e+03   9.2907363e+02
   0.0000000e+00   5.0000000e+02   0.0000000e+00   1.8012111e+03   1.7182694e+02
   1.0000000e+02   5.0000000e+02   0.0000000e+00   1.7846870e+03   3.1287993e+02
   2.0000000e+02   5.0000000e+02   0.0000000e+00   1.7692300e+03   4.3569926e+02
   3.0000000e+02   5.0000000e+02   0.0000000e+00   1.7555003e+03   5.4342972e+02
   4.0000000e+02   5.0000000e+02   0.0000000e+00   1.7442906e+03   6.3860788e+02
   5.0000000e+02   5.0000000e+02   0.0000000e+00   1.7343574e+03   7.2262391e+02
   6.0000000e+02   5.0000000e+02   0.0000000e+00   1.7254190e+03   7.9861839e+02
   7.0000000e+02   5.0000000e+02   0.0000000e+00   1.7167317e+03   8.6667033e+02
   8.0000000e+02   5.0000000e+02   0.0000000e+00   1.7094853e+03   9.2918634e+02
   0.0000000e+00   4.0000000e+02   0.0000000e+00   1.5223470e+03   1.7177445e+02
   1.0000000e+02   4.0000000e+02   0.0000000e+00   1.5251229e+03   3.1298384e+02
   2.0000000e+02   4.0000000e+02   0.0000000e+00   1.5272894e+03   4.3597398e+02
   3.0000000e+02   4.0000000e+02   0.0000000e+00   1.5304500e+03   5.4434435e+02
   4.0000000e+02   4.0000000e+02   0.0000000e+00   1.5317779e+03   6.3938125e+02
   5.0000000e+02   4.0000000e+02   0.0000000e+00   1.5344402e+03   7.2362454e+02
   6.0000000e+02   4.0000000e+02   0.0000000e+00   1.5355298e+03   7.9918649e+02
   7.0000000e+02   4.0000000e+02   0.0000000e+00   1.5380614e+03   8.6734942e+02
   8.0000000e+02   4.0000000e+02   0.0000000e+00   1.5385336e+03   9.2948329e+02
   0.0000000e+00   3.0000000e+02   0.0000000e+00   1.2426081e+03   1.7426177e+02
   1.0000000e+02   3.0000000e+02   0.0000000e+00   1.2662399e+03   3.1532916e+02
   2.0000000e+02   3.0000000e+02   0.0000000e+00   1.2863425e+03   4.3837687e+02
   3.0000000e+02   3.0000000e+02   0.0000000e+00   1.3037904e+03   5.4550491e+02
   4.0000000e+02   3.0000000e+02   0.0000000e+00   1.3196998e+03   6.4033709e+02
   5.0000000e+02   3.0000000e+02   0.0000000e+00   1.3342995e+03   7.2478616e+02
   6.0000000e+02   3.0000000e+02   0.0000000e+00   1.3464554e+03   7.9988515e+02
   7.0000000e+02   3.0000000e+02   0.0000000e+00   1.3580493e+03   8.6769659e+02
   8.0000000e+02   3.0000000e+02   0.0000000e+00   1.3685917e+03   9.2938105e+02
   0.0000000e+00   2.0000000e+02   0.0000000e+00   9.6610750e+02   1.7897741e+02
   1.0000000e+02   2.0000000e+02   0.0000000e+00   1.0084575e+03   3.1879482e+02
   2.0000000e+02   2.0000000e+02   0.0000000e+00   1.0464035e+03   4.4146553e+02
   3.0000000e+02   2.0000000e+02   0.0000000e+00   1.0788481e+03   5.4821191e+02
   4.0000000e+02   2.0000000e+02   0.0000000e+00   1.1086100e+03   6.4290736e+02
   5.0000000e+02   2.0000000e+02   0.0000000e+00   1.1348510e+03   7.2615523e+02
   6.0000000e+02   2.0000000e+02   0.0000000e+00   1.1584073e+03   8.0164629e+02
   7.0000000e+02   2.0000000e+02   0.0000000e+00   1.1796248e+03   8.6904552e+02
   8.0000000e+02   2.0000000e+02   0.0000000e+00   1.1976999e+03   9.2957039e+02
   0.0000000e+00   1.0000000e+02   0.0000000e+00   6.9381372e+02   1.8488291e+02
   1.0000000e+02   1.0000000e+02   0.0000000e+00   7.5569738e+02   3.2450381e+02
   2.0000000e+02   1.0000000e+02   0.0000000e+00   8.1021659e+02   4.4604687e+02
   3.0000000e+02   1.0000000e+02   0.0000000e+00   8.5677195e+02   5.5178020e+02
   4.0000000e+02   1.0000000e+02   0.0000000e+00   9.0014603e+02   6.4567808e+02
   5.0000000e+02   1.0000000e+02   0.0000000e+00   9.3690631e+02   7.2932827e+02
   6.0000000e+02   1.0000000e+02   0.0000000e+00   9.7106335e+02   8.0348618e+02
   7.0000000e+02   1.0000000e+02   0.0000000e+00   1.0011270e+03   8.7007908e+02
   8.0000000e+02   1.0000000e+02   0.0000000e+00   1.0287839e+03   9.3069840e+02
   0.0000000e+00   0.0000000e+00   0.0000000e+00   4.2375339e+02   1.9090381e+02
   1.0000000e+02   0.0000000e+00   0.0000000e+00   5.0567086e+02   3.3016617e+02
   2.0000000e+02   0.0000000e+00   0.0000000e+00   5.7605348e+02   4.5069905e+02
   3.0000000e+02   0.0000000e+00   0.0000000e+00   6.3765019e+02   5.5634756e+02
   4.0000000e+02   0.0000000e+00   0.0000000e+00   6.9403036e+02   6.4922726e+02
   5.0000000e+02   0.0000000e+00   0.0000000e+00   7.4167191e+02   7.3182709e+02
   6.0000000e+02   0.0000000e+00   0.0000000e+00   7.8601603e+02   8.0544021e+02
   7.0000000e+02   0.0000000e+00   0.0000000e+00   8.2556599e+02   8.7169362e+02
   8.0000000e+02   0.0000000e+00   0.0000000e+00   8.6163065e+02   9.3185403e+02
