   0.0000000e+00   8.0000000e+02   0.0000000e+00   2.2876207e+03   3.7137457e+02
   1.0000000e+02   8.0000000e+02   0.0000000e+00   2.3175861e+03   5.2455271e+02
   2.0000000e+02   8.0000000e+02   0.0000000e+00   2.3486318e+03   6.8831704e+02
   3.0000000e+02   8.0000000e+02   0.0000000e+00   2.3814466e+03   8.6131749e+02
   4.0000000e+02   8.0000000e+02   0.0000000e+00   2.4157793e+03   1.0454943e+03
   5.0000000e+02   8.0000000e+02   0.0000000e+00   2.4518814e+03   1.2424358e+03
   6.0000000e+02   8.0000000e+02   0.0000000e+00   2.4884309e+03   1.4521966e+03
   7.0000000e+02   8.0000000e+02   0.0000000e+00   2.5255837e+03   1.6722528e+03
   8.0000000e+02   8.0000000e+02   0.0000000e+00   2.5638620e+03   1.9081359e+03
   0.0000000e+00   7.0000000e+02   0.0000000e+00   2.0982445e+03   3.6623630e+02
   1.0000000e+02   7.0000000e+02   0.0000000e+00   2.1231255e+03   5.1807246e+02
   2.0000000e+02   7.0000000e+02   0.0000000e+00   2.1490469e+03   6.8275792e+02
   3.0000000e+02   7.0000000e+02   0.0000000e+00   2.1755033e+03   8.5759466e+02
   4.0000000e+02   7.0000000e+02   0.0000000e+00   2.2043798e+03   1.0460200e+03
   5.0000000e+02   7.0000000e+02   0.0000000e+00   2.2342217e+03   1.2444438e+03
   6.0000000e+02   7.0000000e+02   0.0000000e+00   2.2643088e+03   1.4565523e+03
   7.0000000e+02   7.0000000e+02   0.0000000e+00   2.2956390e+03   1.6801049e+03
   8.0000000e+02   7.0000000e+02   0.0000000e+00   2.3281757e+03   1.9183789e+03
   0.0000000e+00   6.0000000e+02   0.0000000e+00   1.9068922e+03   3.5760543e+02
   1.0000000e+02   6.0000000e+02   0.0000000e+00   1.9257112e+03   5.1274844e+02
   2.0000000e+02   6.0000000e+02   0.0000000e+00   1.9457928e+03   6.7927846e+02
   3.0000000e+02   6.0000000e+02   0.0000000e+00   1.9657777e+03   8.5640466e+02
   4.0000000e+02   6.0000000e+02   0.0000000e+00   1.9875856e+03   1.0438693e+03
   5.0000000e+02   6.0000000e+02   0.0000000e+00   2.0113289e+03   1.2456782e+03
   6.0000000e+02   6.0000000e+02   0.0000000e+00   2.0351495e+03   1.4604064e+03
   7.0000000e+02   6.0000000e+02   0.0000000e+00   2.0594105e+03   1.6875968e+03
   8.0000000e+02   6.0000000e+02   0.0000000e+00   2.0842794e+03   1.9285804e+03
   0.0000000e+00   5.0000000e+02   0.0000000e+00   1.7123340e+03   3.5506452e+02
   1.0000000e+02   5.0000000e+02   0.0000000e+00   1.7244309e+03   5.1035421e+02
   2.0000000e+02   5.0000000e+02   0.0000000e+00   1.7375373e+03   6.7651689e+02
   3.0000000e+02   5.0000000e+02   0.0000000e+00   1.7517531e+03   8.5379426e+02
   4.0000000e+02   5.0000000e+02   0.0000000e+00   1.7666702e+03   1.0447758e+03
   5.0000000e+02   5.0000000e+02   0.0000000e+00   1.7826624e+03   1.2464049e+03
   6.0000000e+02   5.0000000e+02   0.0000000e+00   1.7994728e+03   1.4624416e+03
   7.0000000e+02   5.0000000e+02   0.0000000e+00   1.8159681e+03   1.6922715e+03
   8.0000000e+02   5.0000000e+02   0.0000000e+00   1.8345585e+03   1.9357219e+03
   0.0000000e+00   4.0000000e+02   0.0000000e+00   1.5151252e+03   3.5059927e+02
   1.0000000e+02   4.0000000e+02   0.0000000e+00   1.5203411e+03   5.0683577e+02
   2.0000000e+02   4.0000000e+02   0.0000000e+00   1.5273699e+03   6.7387681e+02
   3.0000000e+02   4.0000000e+02   0.0000000e+00   1.5342685e+03   8.5317106e+02
   4.0000000e+02   4.0000000e+02   0.0000000e+00   1.5418904e+03   1.0444395e+03
   5.0000000e+02   4.0000000e+02   0.0000000e+00   1.5505290e+03   1.2469762e+03
   6.0000000e+02   4.0000000e+02   0.0000000e+00   1.5604160e+03   1.4661806e+03
   7.0000000e+02   4.0000000e+02   0.0000000e+00   1.5698749e+03   1.6993617e+03
   8.0000000e+02   4.0000000e+02   0.0000000e+00   1.5797281e+03   1.9439028e+03
   0.0000000e+00   3.0000000e+02   0.0000000e+00   1.3150826e+03   3.4667790e+02
   1.0000000e+02   3.0000000e+02   0.0000000e+00   1.3146104e+03   5.0394194e+02
   2.0000000e+02   3.0000000e+02   0.0000000e+00   1.3139969e+03   6.7251255e+02
   3.0000000e+02   3.0000000e+02   0.0000000e+00   1.3136494e+03   8.5234632e+02
   4.0000000e+02   3.0000000e+02   0.0000000e+00   1.3137105e+03   1.0440406e+03
   5.0000000e+02   3.0000000e+02   0.0000000e+00   1.3145450e+03   1.2486179e+03
   6.0000000e+02   3.0000000e+02   0.0000000e+00   1.3168992e+03   1.4676590e+03
   7.0000000e+02   3.0000000e+02   0.0000000e+00   1.3191718e+03   1.7009994e+03
   8.0000000e+02   3.0000000e+02   0.0000000e+00   1.3223294e+03   1.9484540e+03
   0.0000000e+00   2.0000000e+02   0.0000000e+00   1.1148759e+03   3.4720589e+02
   1.0000000e+02   2.0000000e+02   0.0000000e+00   1.1074863e+03   5.0384343e+02
   2.0000000e+02   2.0000000e+02   0.0000000e+00   1.1001746e+03   6.7287177e+02
   3.0000000e+02   2.0000000e+02   0.0000000e+00   1.0931583e+03   8.5095540e+02
   4.0000000e+02   2.0000000e+02   0.0000000e+00   1.0852956e+03   1.0441186e+03
   5.0000000e+02   2.0000000e+02   0.0000000e+00   1.0783657e+03   1.2510851e+03
   6.0000000e+02   2.0000000e+02   0.0000000e+00   1.0718762e+03   1.4685993e+03
   7.0000000e+02   2.0000000e+02   0.0000000e+00   1.0659760e+03   1.7033733e+03
   8.0000000e+02   2.0000000e+02   0.0000000e+00   1.0615309e+03   1.9533048e+03
   0.0000000e+00   1.0000000e+02   0.0000000e+00   9.1432988e+02   3.4557699e+02
   1.0000000e+02   1.0000000e+02   0.0000000e+00   8.9966795e+02   5.0307338e+02
   2.0000000e+02   1.0000000e+02   0.0000000e+00   8.8552163e+02   6.7232754e+02
   3.0000000e+02   1.0000000e+02   0.0000000e+00   8.7112110e+02   8.5155209e+02
   4.0000000e+02   1.0000000e+02   0.0000000e+00   8.5668916e+02   1.0446667e+03
   5.0000000e+02   1.0000000e+02   0.0000000e+00   8.4200113e+02   1.2515020e+03
   6.0000000e+02   1.0000000e+02   0.0000000e+00   8.2773326e+02   1.4717349e+03
   7.0000000e+02   1.0000000e+02   0.0000000e+00   8.1391073e+02   1.7065798e+03
   8.0000000e+02   1.0000000e+02   0.0000000e+00   8.0100525e+02   1.9558258e+03
   0.0000000e+00   0.0000000e+00   0.0000000e+00   7.1324743e+02   3.4664025e+02
   1.0000000e+02   0.0000000e+00   0.0000000e+00   6.9317655e+02   5.0411817e+02
   2.0000000e+02   0.0000000e+00   0.0000000e+00   6.7215960e+02   6.7376293e+02
   3.0000000e+02   0.0000000e+00   0.0000000e+00   6.5070422e+02   8.5295960e+02
   4.0000000e+02   0.0000000e+00   0.0000000e+00   6.2842345e+02   1.0466042e+03
   5.0000000e+02   0.0000000e+00   0.0000000e+00   6.0644557e+02   1.2522251e+03
   6.0000000e+02   0.0000000e+00   0.0000000e+00   5.8329590e+02   1.4726854e+03
   7.0000000e+02   0.0000000e+00   0.0000000e+00   5.6260296e+02   1.7074837e+03
   8.0000000e+02   0.0000000e+00   0.0000000e+00   5.4071647e+02   1.9580140e+03
