   0.0000000e+00   8.0000000e+02   0.0000000e+00   2.2239122e+03   7.3553884e+02
   1.0000000e+02   8.0000000e+02   0.0000000e+00   2.1717696e+03   9.2011991e+02
   2.0000000e+02   8.0000000e+02   0.0000000e+00   2.1228780e+03   1.1016643e+03
   3.0000000e+02   8.0000000e+02   0.0000000e+00   2.0759275e+03   1.2714736e+03
   4.0000000e+02   8.0000000e+02   0.0000000e+00   2.0303354e+03   1.4367074e+03
   5.0000000e+02   8.0000000e+02   0.0000000e+00   1.9841489e+03   1.5927617e+03
   6.0000000e+02   8.0000000e+02   0.0000000e+00   1.9398261e+03   1.7419269e+03
   7.0000000e+02   8.0000000e+02   0.0000000e+00   1.8964264e+03   1.8850991e+03
   8.0000000e+02   8.0000000e+02   0.0000000e+00   1.8550711e+03   2.0220636e+03
   0.0000000e+00   7.0000000e+02   0.0000000e+00   2.0574459e+03   6.6959655e+02
   1.0000000e+02   7.0000000e+02   0.0000000e+00   2.0103066e+03   8.5411539e+02
   2.0000000e+02   7.0000000e+02   0.0000000e+00   1.9671715e+03   1.0302104e+03
   3.0000000e+02   7.0000000e+02   0.0000000e+00   1.9225450e+03   1.1975738e+03
   4.0000000e+02   7.0000000e+02   0.0000000e+00   1.8808409e+03   1.3597898e+03
   5.0000000e+02   7.0000000e+02   0.0000000e+00   1.8386260e+03   1.5138955e+03
   6.0000000e+02   7.0000000e+02   0.0000000e+00   1.7986556e+03   1.6619884e+03
   7.0000000e+02   7.0000000e+02   0.0000000e+00   1.7621653e+03   1.8045945e+03
   8.0000000e+02   7.0000000e+02   0.0000000e+00   1.7244032e+03   1.9382756e+03
   0.0000000e+00   6.0000000e+02   0.0000000e+00   1.9009834e+03   6.1319523e+02
   1.0000000e+02   6.0000000e+02   0.0000000e+00   1.8583252e+03   7.9136639e+02
   2.0000000e+02   6.0000000e+02   0.0000000e+00   1.8170956e+03   9.6304975e+02
   3.0000000e+02   6.0000000e+02   0.0000000e+00   1.7771413e+03   1.1295671e+03
   4.0000000e+02   6.0000000e+02   0.0000000e+00   1.7400836e+03   1.2886533e+03
   5.0000000e+02   6.0000000e+02   0.0000000e+00   1.7034314e+03   1.4411078e+03
   6.0000000e+02   6.0000000e+02   0.0000000e+00   1.6671918e+03   1.5860177e+03
   7.0000000e+02   6.0000000e+02   0.0000000e+00   1.6333843e+03   1.7275097e+03
   8.0000000e+02   6.0000000e+02   0.0000000e+00   1.5990365e+03   1.8594723e+03
   0.0000000e+00   5.0000000e+02   0.0000000e+00   1.7509843e+03   5.5982121e+02
   1.0000000e+02   5.0000000e+02   0.0000000e+00   1.7108796e+03   7.3336602e+02
   2.0000000e+02   5.0000000e+02   0.0000000e+00   1.6776902e+03   9.0401112e+02
   3.0000000e+02   5.0000000e+02   0.0000000e+00   1.6394548e+03   1.0636058e+03
   4.0000000e+02   5.0000000e+02   0.0000000e+00   1.6058368e+03   1.2202698e+03
   5.0000000e+02   5.0000000e+02   0.0000000e+00   1.5731583e+03   1.3704653e+03
   6.0000000e+02   5.0000000e+02   0.0000000e+00   1.5396713e+03   1.5122529e+03
   7.0000000e+02   5.0000000e+02   0.0000000e+00   1.5097520e+03   1.6527229e+03
   8.0000000e+02   5.0000000e+02   0.0000000e+00   1.4796542e+03   1.7844637e+03
   0.0000000e+00   4.0000000e+02   0.0000000e+00   1.6102913e+03   5.0769262e+02
   1.0000000e+02   4.0000000e+02   0.0000000e+00   1.5763458e+03   6.7980903e+02
   2.0000000e+02   4.0000000e+02   0.0000000e+00   1.5425074e+03   8.4353393e+02
   3.0000000e+02   4.0000000e+02   0.0000000e+00   1.5094861e+03   1.0012107e+03
   4.0000000e+02   4.0000000e+02   0.0000000e+00   1.4787916e+03   1.1555576e+03
   5.0000000e+02   4.0000000e+02   0.0000000e+00   1.4499910e+03   1.3034644e+03
   6.0000000e+02   4.0000000e+02   0.0000000e+00   1.4205203e+03   1.4447231e+03
   7.0000000e+02   4.0000000e+02   0.0000000e+00   1.3928414e+03   1.5808303e+03
   8.0000000e+02   4.0000000e+02   0.0000000e+00   1.3671357e+03   1.7126575e+03
   0.0000000e+00   3.0000000e+02   0.0000000e+00   1.4784633e+03   4.5926159e+02
   1.0000000e+02   3.0000000e+02   0.0000000e+00   1.4465056e+03   6.2789047e+02
   2.0000000e+02   3.0000000e+02   0.0000000e+00   1.4163186e+03   7.8805431e+02
   3.0000000e+02   3.0000000e+02   0.0000000e+00   1.3874408e+03   9.4319859e+02
   4.0000000e+02   3.0000000e+02   0.0000000e+00   1.3580128e+03   1.0927426e+03
   5.0000000e+02   3.0000000e+02   0.0000000e+00   1.3323423e+03   1.2375806e+03
   6.0000000e+02   3.0000000e+02   0.0000000e+00   1.3058725e+03   1.3774371e+03
   7.0000000e+02   3.0000000e+02   0.0000000e+00   1.2820106e+03   1.5132584e+03
   8.0000000e+02   3.0000000e+02   0.0000000e+00   1.2577233e+03   1.6407630e+03
   0.0000000e+00   2.0000000e+02   0.0000000e+00   1.3519328e+03   4.1728881e+02
   1.0000000e+02   2.0000000e+02   0.0000000e+00   1.3250569e+03   5.7922945e+02
   2.0000000e+02   2.0000000e+02   0.0000000e+00   1.2962613e+03   7.3517035e+02
   3.0000000e+02   2.0000000e+02   0.0000000e+00   1.2697314e+03   8.8831850e+02
   4.0000000e+02   2.0000000e+02   0.0000000e+00   1.2456316e+03   1.0359983e+03
   5.0000000e+02   2.0000000e+02   0.0000000e+00   1.2216208e+03   1.1787657e+03
   6.0000000e+02   2.0000000e+02   0.0000000e+00   1.1985314e+03   1.3158408e+03
   7.0000000e+02   2.0000000e+02   0.0000000e+00   1.1758110e+03   1.4471843e+03
   8.0000000e+02   2.0000000e+02   0.0000000e+00   1.1566501e+03   1.5739046e+03
   0.0000000e+00   1.0000000e+02   0.0000000e+00   1.2355904e+03   3.7634034e+02
   1.0000000e+02   1.0000000e+02   0.0000000e+00   1.2101838e+03   5.3468261e+02
   2.0000000e+02   1.0000000e+02   0.0000000e+00   1.1837128e+03   6.8760054e+02
   3.0000000e+02   1.0000000e+02   0.0000000e+00   1.1589795e+03   8.3821330e+02
   4.0000000e+02   1.0000000e+02   0.0000000e+00   1.1383098e+03   9.8137582e+02
   5.0000000e+02   1.0000000e+02   0.0000000e+00   1.1149239e+03   1.1198296e+03
   6.0000000e+02   1.0000000e+02   0.0000000e+00   1.0947253e+03   1.2549299e+03
   7.0000000e+02   1.0000000e+02   0.0000000e+00   1.0763449e+03   1.3863823e+03
   8.0000000e+02   1.0000000e+02   0.0000000e+00   1.0562550e+03   1.5091835e+03
   0.0000000e+00   0.0000000e+00   0.0000000e+00   1.1237246e+03   3.3601037e+02
   1.0000000e+02   0.0000000e+00   0.0000000e+00   1.1008167e+03   4.9049030e+02
   2.0000000e+02   0.0000000e+00   0.0000000e+00   1.0777202e+03   6.4202697e+02
   3.0000000e+02   0.0000000e+00   0.0000000e+00   1.0561999e+03   7.8906402e+02
   4.0000000e+02   0.0000000e+00   0.0000000e+00   1.0346326e+03   9.2851956e+02
   5.0000000e+02   0.0000000e+00   0.0000000e+00   1.0146105e+03   1.0651178e+03
   6.0000000e+02   0.0000000e+00   0.0000000e+00   9.9732624e+02   1.1979274e+03
   7.0000000e+02   0.0000000e+00   0.0000000e+00   9.8138501e+02   1.3273964e+03
   8.0000000e+02   0.0000000e+00   0.0000000e+00   9.6425451e+02   1.4495465e+03
