   0.0000000e+00   8.0000000e+02   0.0000000e+00   3.2947760e+02   7.1824689e+02
   1.0000000e+02   8.0000000e+02   0.0000000e+00   4.9913546e+02   6.2788830e+02
   2.0000000e+02   8.0000000e+02   0.0000000e+00   6.6007447e+02   5.4425572e+02
   3.0000000e+02   8.0000000e+02   0.0000000e+00   8.1214326e+02   4.6660564e+02
   4.0000000e+02   8.0000000e+02   0.0000000e+00   9.5322343e+02   3.9238616e+02
   5.0000000e+02   8.0000000e+02   0.0000000e+00   1.0887060e+03   3.2286700e+02
   6.0000000e+02   8.0000000e+02   0.0000000e+00   1.2232590e+03   2.5828441e+02
   7.0000000e+02   8.0000000e+02   0.0000000e+00   1.3338399e+03   1.9855152e+02
   8.0000000e+02   8.0000000e+02   0.0000000e+00   1.4487797e+03   1.4292194e+02
   0.0000000e+00   7.0000000e+02   0.0000000e+00   4.3036111e+02   7.7450873e+02
   1.0000000e+02   7.0000000e+02   0.0000000e+00   6.0810305e+02   6.7814756e+02
   2.0000000e+02   7.0000000e+02   0.0000000e+00   7.6970489e+02   5.9025974e+02
   3.0000000e+02   7.0000000e+02   0.0000000e+00   9.2428430e+02   5.0660381e+02
   4.0000000e+02   7.0000000e+02   0.0000000e+00   1.0662247e+03   4.2933774e+02
   5.0000000e+02   7.0000000e+02   0.0000000e+00   1.2176700e+03   3.5504034e+02
   6.0000000e+02   7.0000000e+02   0.0000000e+00   1.3391942e+03   2.8932297e+02
   7.0000000e+02   7.0000000e+02   0.0000000e+00   1.4718654e+03   2.2605935e+02
   8.0000000e+02   7.0000000e+02   0.0000000e+00   1.5770347e+03   1.6719412e+02
   0.0000000e+00   6.0000000e+02   0.0000000e+00   5.4370757e+02   8.3461303e+02
   1.0000000e+02   6.0000000e+02   0.0000000e+00   7.2520912e+02   7.3354470e+02
   2.0000000e+02   6.0000000e+02   0.0000000e+00   8.9310647e+02   6.3801725e+02
   3.0000000e+02   6.0000000e+02   0.0000000e+00   1.0482195e+03   5.5028622e+02
   4.0000000e+02   6.0000000e+02   0.0000000e+00   1.1938490e+03   4.6900986e+02
   5.0000000e+02   6.0000000e+02   0.0000000e+00   1.3336887e+03   3.9413526e+02
   6.0000000e+02   6.0000000e+02   0.0000000e+00   1.4619400e+03   3.2253914e+02
   7.0000000e+02   6.0000000e+02   0.0000000e+00   1.5890016e+03   2.5616988e+02
   8.0000000e+02   6.0000000e+02   0.0000000e+00   1.7011223e+03   1.9414084e+02
   0.0000000e+00   5.0000000e+02   0.0000000e+00   6.7058810e+02   9.0061822e+02
   1.0000000e+02   5.0000000e+02   0.0000000e+00   8.4972265e+02   7.9245149e+02
   2.0000000e+02   5.0000000e+02   0.0000000e+00   1.0221299e+03   6.9174728e+02
   3.0000000e+02   5.0000000e+02   0.0000000e+00   1.1873669e+03   5.9796499e+02
   4.0000000e+02   5.0000000e+02   0.0000000e+00   1.3314461e+03   5.1263768e+02
   5.0000000e+02   5.0000000e+02   0.0000000e+00   1.4770107e+03   4.3163511e+02
   6.0000000e+02   5.0000000e+02   0.0000000e+00   1.6008422e+03   3.5822468e+02
   7.0000000e+02   5.0000000e+02   0.0000000e+00   1.7267156e+03   2.8841101e+02
   8.0000000e+02   5.0000000e+02   0.0000000e+00   1.8424858e+03   2.2297082e+02
   0.0000000e+00   4.0000000e+02   0.0000000e+00   8.0434285e+02   9.7236320e+02
   1.0000000e+02   4.0000000e+02   0.0000000e+00   9.9410165e+02   8.5627110e+02
   2.0000000e+02   4.0000000e+02   0.0000000e+00   1.1703095e+03   7.4883690e+02
   3.0000000e+02   4.0000000e+02   0.0000000e+00   1.3293360e+03   6.4983999e+02
   4.0000000e+02   4.0000000e+02   0.0000000e+00   1.4794763e+03   5.5869635e+02
   5.0000000e+02   4.0000000e+02   0.0000000e+00   1.6185415e+03   4.7428862e+02
   6.0000000e+02   4.0000000e+02   0.0000000e+00   1.7489426e+03   3.9606676e+02
   7.0000000e+02   4.0000000e+02   0.0000000e+00   1.8744192e+03   3.2332847e+02
   8.0000000e+02   4.0000000e+02   0.0000000e+00   1.9905113e+03   2.5556731e+02
   0.0000000e+00   3.0000000e+02   0.0000000e+00   9.5941141e+02   1.0507057e+03
   1.0000000e+02   3.0000000e+02   0.0000000e+00   1.1476953e+03   9.2671057e+02
   2.0000000e+02   3.0000000e+02   0.0000000e+00   1.3228616e+03   8.1235190e+02
   3.0000000e+02   3.0000000e+02   0.0000000e+00   1.4903038e+03   7.0599438e+02
   4.0000000e+02   3.0000000e+02   0.0000000e+00   1.6397680e+03   6.0917591e+02
   5.0000000e+02   3.0000000e+02   0.0000000e+00   1.7780443e+03   5.2047136e+02
   6.0000000e+02   3.0000000e+02   0.0000000e+00   1.9098245e+03   4.3805101e+02
   7.0000000e+02   3.0000000e+02   0.0000000e+00   2.0322832e+03   3.6161852e+02
   8.0000000e+02   3.0000000e+02   0.0000000e+00   2.1432675e+03   2.9087447e+02
   0.0000000e+00   2.0000000e+02   0.0000000e+00   1.1263171e+03   1.1367008e+03
   1.0000000e+02   2.0000000e+02   0.0000000e+00   1.3211481e+03   1.0030543e+03
   2.0000000e+02   2.0000000e+02   0.0000000e+00   1.4976637e+03   8.8077151e+02
   3.0000000e+02   2.0000000e+02   0.0000000e+00   1.6609209e+03   7.6799255e+02
   4.0000000e+02   2.0000000e+02   0.0000000e+00   1.8132131e+03   6.6587649e+02
   5.0000000e+02   2.0000000e+02   0.0000000e+00   1.9511539e+03   5.7060570e+02
   6.0000000e+02   2.0000000e+02   0.0000000e+00   2.0813696e+03   4.8320635e+02
   7.0000000e+02   2.0000000e+02   0.0000000e+00   2.1997714e+03   4.0345335e+02
   8.0000000e+02   2.0000000e+02   0.0000000e+00   2.3039018e+03   3.3073715e+02
   0.0000000e+00   1.0000000e+02   0.0000000e+00   1.3135111e+03   1.2320655e+03
   1.0000000e+02   1.0000000e+02   0.0000000e+00   1.5103843e+03   1.0874493e+03
   2.0000000e+02   1.0000000e+02   0.0000000e+00   1.6891062e+03   9.5630272e+02
   3.0000000e+02   1.0000000e+02   0.0000000e+00   1.8507579e+03   8.3619976e+02
   4.0000000e+02   1.0000000e+02   0.0000000e+00   2.0003180e+03   7.2574088e+02
   5.0000000e+02   1.0000000e+02   0.0000000e+00   2.1368211e+03   6.2524708e+02
   6.0000000e+02   1.0000000e+02   0.0000000e+00   2.2615328e+03   5.3448094e+02
   7.0000000e+02   1.0000000e+02   0.0000000e+00   2.3767703e+03   4.4936473e+02
   8.0000000e+02   1.0000000e+02   0.0000000e+00   2.4843450e+03   3.7182209e+02
   0.0000000e+00   0.0000000e+00   0.0000000e+00   1.5225690e+03   1.3378263e+03
   1.0000000e+02   0.0000000e+00   0.0000000e+00   1.7203699e+03   1.1804915e+03
   2.0000000e+02   0.0000000e+00   0.0000000e+00   1.8991821e+03   1.0390739e+03
   3.0000000e+02   0.0000000e+00   0.0000000e+00   2.0568792e+03   9.0964151e+02
   4.0000000e+02   0.0000000e+00   0.0000000e+00   2.2042736e+03   7.9227694e+02
   5.0000000e+02   0.0000000e+00   0.0000000e+00   2.3373734e+03   6.8608264e+02
   6.0000000e+02   0.0000000e+00   0.0000000e+00   2.4591423e+03   5.8792754e+02
   7.0000000e+02   0.0000000e+00   0.0000000e+00   2.5702166e+03   4.9847665e+02
   8.0000000e+02   0.0000000e+00   0.0000000e+00   2.6709670e+03   4.1675628e+02
