   0.0000000e+00   8.0000000e+02   0.0000000e+00   1.9611199e+03   2.9665997e+02
   1.0000000e+02   8.0000000e+02   0.0000000e+00   1.9307773e+03   4.8002031e+02
   2.0000000e+02   8.0000000e+02   0.0000000e+00   1.9027678e+03   6.5433785e+02
   3.0000000e+02   8.0000000e+02   0.0000000e+00   1.8753666e+03   8.2095935e+02
   4.0000000e+02   8.0000000e+02   0.0000000e+00   1.8487093e+03   9.8269715e+02
   5.0000000e+02   8.0000000e+02   0.0000000e+00   1.8235712e+03   1.1357151e+03
   6.0000000e+02   8.0000000e+02   0.0000000e+00   1.7989319e+03   1.2850936e+03
   7.0000000e+02   8.0000000e+02   0.0000000e+00   1.7763278e+03   1.4227996e+03
   8.0000000e+02   8.0000000e+02   0.0000000e+00   1.7538078e+03   1.5596670e+03
   0.0000000e+00   7.0000000e+02   0.0000000e+00   1.7995688e+03   2.9536528e+02
   1.0000000e+02   7.0000000e+02   0.0000000e+00   1.7724697e+03   4.8255854e+02
   2.0000000e+02   7.0000000e+02   0.0000000e+00   1.7466441e+03   6.6250503e+02
   3.0000000e+02   7.0000000e+02   0.0000000e+00   1.7217414e+03   8.3613396e+02
   4.0000000e+02   7.0000000e+02   0.0000000e+00   1.7003011e+03   9.9898604e+02
   5.0000000e+02   7.0000000e+02   0.0000000e+00   1.6768501e+03   1.1570872e+03
   6.0000000e+02   7.0000000e+02   0.0000000e+00   1.6569397e+03   1.3061089e+03
   7.0000000e+02   7.0000000e+02   0.0000000e+00   1.6357362e+03   1.4505910e+03
   8.0000000e+02   7.0000000e+02   0.0000000e+00   1.6165114e+03   1.5876459e+03
   0.0000000e+00   6.0000000e+02   0.0000000e+00   1.6302018e+03   2.9449744e+02
   1.0000000e+02   6.0000000e+02   0.0000000e+00   1.6060182e+03   4.8875696e+02
   2.0000000e+02   6.0000000e+02   0.0000000e+00   1.5834466e+03   6.7262720e+02
   3.0000000e+02   6.0000000e+02   0.0000000e+00   1.5618304e+03   8.5018822e+02
   4.0000000e+02   6.0000000e+02   0.0000000e+00   1.5417153e+03   1.0179257e+03
   5.0000000e+02   6.0000000e+02   0.0000000e+00   1.5228637e+03   1.1788769e+03
   6.0000000e+02   6.0000000e+02   0.0000000e+00   1.5055935e+03   1.3317171e+03
   7.0000000e+02   6.0000000e+02   0.0000000e+00   1.4887797e+03   1.4766992e+03
   8.0000000e+02   6.0000000e+02   0.0000000e+00   1.4723465e+03   1.6169805e+03
   0.0000000e+00   5.0000000e+02   0.0000000e+00   1.4485647e+03   2.9757437e+02
   1.0000000e+02   5.0000000e+02   0.0000000e+00   1.4298683e+03   4.9503943e+02
   2.0000000e+02   5.0000000e+02   0.0000000e+00   1.4100752e+03   6.8458061e+02
   3.0000000e+02   5.0000000e+02   0.0000000e+00   1.3942280e+03   8.6431343e+02
   4.0000000e+02   5.0000000e+02   0.0000000e+00   1.3766781e+03   1.0377671e+03
   5.0000000e+02   5.0000000e+02   0.0000000e+00   1.3617322e+03   1.2012714e+03
   6.0000000e+02   5.0000000e+02   0.0000000e+00   1.3456966e+03   1.3584380e+03
   7.0000000e+02   5.0000000e+02   0.0000000e+00   1.3351324e+03   1.5060542e+03
   8.0000000e+02   5.0000000e+02   0.0000000e+00   1.3206111e+03   1.6478263e+03
   0.0000000e+00   4.0000000e+02   0.0000000e+00   1.2596435e+03   2.9932736e+02
   1.0000000e+02   4.0000000e+02   0.0000000e+00   1.2429174e+03   5.0189915e+02
   2.0000000e+02   4.0000000e+02   0.0000000e+00   1.2282967e+03   6.9563012e+02
   3.0000000e+02   4.0000000e+02   0.0000000e+00   1.2161108e+03   8.8261612e+02
   4.0000000e+02   4.0000000e+02   0.0000000e+00   1.2041305e+03   1.0571304e+03
   5.0000000e+02   4.0000000e+02   0.0000000e+00   1.1917223e+03   1.2248954e+03
   6.0000000e+02   4.0000000e+02   0.0000000e+00   1.1814718e+03   1.3842251e+03
   7.0000000e+02   4.0000000e+02   0.0000000e+00   1.1732239e+03   1.5362305e+03
   8.0000000e+02   4.0000000e+02   0.0000000e+00   1.1650983e+03   1.6791302e+03
   0.0000000e+00   3.0000000e+02   0.0000000e+00   1.0584720e+03   3.0078366e+02
   1.0000000e+02   3.0000000e+02   0.0000000e+00   1.0466890e+03   5.1084476e+02
   2.0000000e+02   3.0000000e+02   0.0000000e+00   1.0376664e+03   7.1021859e+02
   3.0000000e+02   3.0000000e+02   0.0000000e+00   1.0301510e+03   9.0086459e+02
   4.0000000e+02   3.0000000e+02   0.0000000e+00   1.0225773e+03   1.0787794e+03
   5.0000000e+02   3.0000000e+02   0.0000000e+00   1.0149245e+03   1.2496423e+03
   6.0000000e+02   3.0000000e+02   0.0000000e+00   1.0098238e+03   1.4116709e+03
   7.0000000e+02   3.0000000e+02   0.0000000e+00   1.0044530e+03   1.5647336e+03
   8.0000000e+02   3.0000000e+02   0.0000000e+00   1.0011865e+03   1.7088267e+03
   0.0000000e+00   2.0000000e+02   0.0000000e+00   8.4886011e+02   3.0670023e+02
   1.0000000e+02   2.0000000e+02   0.0000000e+00   8.4229996e+02   5.2136424e+02
   2.0000000e+02   2.0000000e+02   0.0000000e+00   8.3843867e+02   7.2492117e+02
   3.0000000e+02   2.0000000e+02   0.0000000e+00   8.3529618e+02   9.1949424e+02
   4.0000000e+02   2.0000000e+02   0.0000000e+00   8.3376472e+02   1.1015026e+03
   5.0000000e+02   2.0000000e+02   0.0000000e+00   8.3174474e+02   1.2766218e+03
   6.0000000e+02   2.0000000e+02   0.0000000e+00   8.3186788e+02   1.4406504e+03
   7.0000000e+02   2.0000000e+02   0.0000000e+00   8.3142229e+02   1.5963096e+03
   8.0000000e+02   2.0000000e+02   0.0000000e+00   8.3336761e+02   1.7398144e+03
   0.0000000e+00   1.0000000e+02   0.0000000e+00   6.2753042e+02   3.1152770e+02
   1.0000000e+02   1.0000000e+02   0.0000000e+00   6.2768161e+02   5.3441386e+02
   2.0000000e+02   1.0000000e+02   0.0000000e+00   6.2850331e+02   7.4179296e+02
   3.0000000e+02   1.0000000e+02   0.0000000e+00   6.3262316e+02   9.3694827e+02
   4.0000000e+02   1.0000000e+02   0.0000000e+00   6.3469823e+02   1.1263819e+03
   5.0000000e+02   1.0000000e+02   0.0000000e+00   6.3847268e+02   1.3050142e+03
   6.0000000e+02   1.0000000e+02   0.0000000e+00   6.4446261e+02   1.4695641e+03
   7.0000000e+02   1.0000000e+02   0.0000000e+00   6.5136853e+02   1.6256738e+03
   8.0000000e+02   1.0000000e+02   0.0000000e+00   6.5644051e+02   1.7758668e+03
   0.0000000e+00   0.0000000e+00   0.0000000e+00   3.9252825e+02   3.1841676e+02
   1.0000000e+02   0.0000000e+00   0.0000000e+00   4.0310331e+02   5.4619467e+02
   2.0000000e+02   0.0000000e+00   0.0000000e+00   4.1082486e+02   7.5838009e+02
   3.0000000e+02   0.0000000e+00   0.0000000e+00   4.2046646e+02   9.5941234e+02
   4.0000000e+02   0.0000000e+00   0.0000000e+00   4.3002893e+02   1.1510123e+03
   5.0000000e+02   0.0000000e+00   0.0000000e+00   4.3963271e+02   1.3312407e+03
   6.0000000e+02   0.0000000e+00   0.0000000e+00   4.5114107e+02   1.4997258e+03
   7.0000000e+02   0.0000000e+00   0.0000000e+00   4.6345242e+02   1.6591480e+03
   8.0000000e+02   0.0000000e+00   0.0000000e+00   4.7371662e+02   1.8104231e+03
