   0.0000000e+00   8.0000000e+02   0.0000000e+00   1.8774810e+03   2.7259910e+02
   1.0000000e+02   8.0000000e+02   0.0000000e+00   1.8810865e+03   4.3328930e+02
   2.0000000e+02   8.0000000e+02   0.0000000e+00   1.8854803e+03   5.8294018e+02
   3.0000000e+02   8.0000000e+02   0.0000000e+00   1.8884640e+03   7.2543241e+02
   4.0000000e+02   8.0000000e+02   0.0000000e+00   1.8921510e+03   8.6036141e+02
   5.0000000e+02   8.0000000e+02   0.0000000e+00   1.8948079e+03   9.8825446e+02
   6.0000000e+02   8.0000000e+02   0.0000000e+00   1.8990457e+03   1.1063275e+03
   7.0000000e+02   8.0000000e+02   0.0000000e+00   1.9015796e+03   1.2196408e+03
   8.0000000e+02   8.0000000e+02   0.0000000e+00   1.9046729e+03   1.3282732e+03
   0.0000000e+00   7.0000000e+02   0.0000000e+00   1.7639032e+03   3.3796253e+02
   1.0000000e+02   7.0000000e+02   0.0000000e+00   1.7721186e+03   5.0187341e+02
   2.0000000e+02   7.0000000e+02   0.0000000e+00   1.7787465e+03   6.5557929e+02
   3.0000000e+02   7.0000000e+02   0.0000000e+00   1.7861008e+03   7.9928210e+02
   4.0000000e+02   7.0000000e+02   0.0000000e+00   1.7920781e+03   9.3670313e+02
   5.0000000e+02   7.0000000e+02   0.0000000e+00   1.7986666e+03   1.0644732e+03
   6.0000000e+02   7.0000000e+02   0.0000000e+00   1.8048423e+03   1.1851312e+03
   7.0000000e+02   7.0000000e+02   0.0000000e+00   1.8103914e+03   1.2988275e+03
   8.0000000e+02   7.0000000e+02   0.0000000e+00   1.8156410e+03   1.4083218e+03
   0.0000000e+00   6.0000000e+02   0.0000000e+00   1.6431489e+03   4.1100307e+02
   1.0000000e+02   6.0000000e+02   0.0000000e+00   1.6544631e+03   5.7733397e+02
   2.0000000e+02   6.0000000e+02   0.0000000e+00   1.6656837e+03   7.3322137e+02
   3.0000000e+02   6.0000000e+02   0.0000000e+00   1.6757824e+03   8.8118035e+02
   4.0000000e+02   6.0000000e+02   0.0000000e+00   1.6871203e+03   1.0175419e+03
   5.0000000e+02   6.0000000e+02   0.0000000e+00   1.6964933e+03   1.1465559e+03
   6.0000000e+02   6.0000000e+02   0.0000000e+00   1.7056662e+03   1.2668671e+03
   7.0000000e+02   6.0000000e+02   0.0000000e+00   1.7153337e+03   1.3815579e+03
   8.0000000e+02   6.0000000e+02   0.0000000e+00   1.7232787e+03   1.4909928e+03
   0.0000000e+00   5.0000000e+02   0.0000000e+00   1.5123132e+03   4.8957095e+02
   1.0000000e+02   5.0000000e+02   0.0000000e+00   1.5295813e+03   6.5708201e+02
   2.0000000e+02   5.0000000e+02   0.0000000e+00   1.5451021e+03   8.1571014e+02
   3.0000000e+02   5.0000000e+02   0.0000000e+00   1.5605889e+03   9.6336518e+02
   4.0000000e+02   5.0000000e+02   0.0000000e+00   1.5748012e+03   1.1032469e+03
   5.0000000e+02   5.0000000e+02   0.0000000e+00   1.5883527e+03   1.2321578e+03
   6.0000000e+02   5.0000000e+02   0.0000000e+00   1.6014754e+03   1.3543163e+03
   7.0000000e+02   5.0000000e+02   0.0000000e+00   1.6138270e+03   1.4678303e+03
   8.0000000e+02   5.0000000e+02   0.0000000e+00   1.6256946e+03   1.5747198e+03
   0.0000000e+00   4.0000000e+02   0.0000000e+00   1.3733783e+03   5.7049530e+02
   1.0000000e+02   4.0000000e+02   0.0000000e+00   1.3956698e+03   7.4402785e+02
   2.0000000e+02   4.0000000e+02   0.0000000e+00   1.4173799e+03   9.0279359e+02
   3.0000000e+02   4.0000000e+02   0.0000000e+00   1.4374526e+03   1.0534125e+03
   4.0000000e+02   4.0000000e+02   0.0000000e+00   1.4570174e+03   1.1923319e+03
   5.0000000e+02   4.0000000e+02   0.0000000e+00   1.4747219e+03   1.3228324e+03
   6.0000000e+02   4.0000000e+02   0.0000000e+00   1.4921489e+03   1.4441649e+03
   7.0000000e+02   4.0000000e+02   0.0000000e+00   1.5080598e+03   1.5578961e+03
   8.0000000e+02   4.0000000e+02   0.0000000e+00   1.5229793e+03   1.6645425e+03
   0.0000000e+00   3.0000000e+02   0.0000000e+00   1.2257716e+03   6.6072746e+02
   1.0000000e+02   3.0000000e+02   0.0000000e+00   1.2554521e+03   8.3416134e+02
   2.0000000e+02   3.0000000e+02   0.0000000e+00   1.2815364e+03   9.9725053e+02
   3.0000000e+02   3.0000000e+02   0.0000000e+00   1.3073212e+03   1.1468915e+03
   4.0000000e+02   3.0000000e+02   0.0000000e+00   1.3317096e+03   1.2870097e+03
   5.0000000e+02   3.0000000e+02   0.0000000e+00   1.3551472e+03   1.4172118e+03
   6.0000000e+02   3.0000000e+02   0.0000000e+00   1.3766825e+03   1.5390126e+03
   7.0000000e+02   3.0000000e+02   0.0000000e+00   1.3964769e+03   1.6530288e+03
   8.0000000e+02   3.0000000e+02   0.0000000e+00   1.4162820e+03   1.7582358e+03
   0.0000000e+00   2.0000000e+02   0.0000000e+00   1.0675980e+03   7.5570257e+02
   1.0000000e+02   2.0000000e+02   0.0000000e+00   1.1036668e+03   9.3355372e+02
   2.0000000e+02   2.0000000e+02   0.0000000e+00   1.1378059e+03   1.0971792e+03
   3.0000000e+02   2.0000000e+02   0.0000000e+00   1.1701973e+03   1.2478290e+03
   4.0000000e+02   2.0000000e+02   0.0000000e+00   1.1997216e+03   1.3883279e+03
   5.0000000e+02   2.0000000e+02   0.0000000e+00   1.2280210e+03   1.5203546e+03
   6.0000000e+02   2.0000000e+02   0.0000000e+00   1.2556108e+03   1.6384053e+03
   7.0000000e+02   2.0000000e+02   0.0000000e+00   1.2804448e+03   1.7498012e+03
   8.0000000e+02   2.0000000e+02   0.0000000e+00   1.3031929e+03   1.8557197e+03
   0.0000000e+00   1.0000000e+02   0.0000000e+00   8.9948862e+02   8.5882116e+02
   1.0000000e+02   1.0000000e+02   0.0000000e+00   9.4344722e+02   1.0384137e+03
   2.0000000e+02   1.0000000e+02   0.0000000e+00   9.8561849e+02   1.2023542e+03
   3.0000000e+02   1.0000000e+02   0.0000000e+00   1.0244407e+03   1.3537820e+03
   4.0000000e+02   1.0000000e+02   0.0000000e+00   1.0607331e+03   1.4953519e+03
   5.0000000e+02   1.0000000e+02   0.0000000e+00   1.0955531e+03   1.6244469e+03
   6.0000000e+02   1.0000000e+02   0.0000000e+00   1.1282340e+03   1.7437528e+03
   7.0000000e+02   1.0000000e+02   0.0000000e+00   1.1582947e+03   1.8546548e+03
   8.0000000e+02   1.0000000e+02   0.0000000e+00   1.1861394e+03   1.9574948e+03
   0.0000000e+00   0.0000000e+00   0.0000000e+00   7.1973618e+02   9.7047400e+02
   1.0000000e+02   0.0000000e+00   0.0000000e+00   7.7430310e+02   1.1491628e+03
   2.0000000e+02   0.0000000e+00   0.0000000e+00   8.2369114e+02   1.3152701e+03
   3.0000000e+02   0.0000000e+00   0.0000000e+00   8.7106890e+02   1.4664765e+03
   4.0000000e+02   0.0000000e+00   0.0000000e+00   9.1492595e+02   1.6060022e+03
   5.0000000e+02   0.0000000e+00   0.0000000e+00   9.5648039e+02   1.7349027e+03
   6.0000000e+02   0.0000000e+00   0.0000000e+00   9.9430897e+02   1.8533646e+03
   7.0000000e+02   0.0000000e+00   0.0000000e+00   1.0303363e+03   1.9624838e+03
   8.0000000e+02   0.0000000e+00   0.0000000e+00   1.0629644e+03   2.0635285e+03
