   0.0000000e+00   8.0000000e+02   0.0000000e+00   2.6977691e+03   6.0286689e+02
   1.0000000e+02   8.0000000e+02   0.0000000e+00   2.7107655e+03   7.9519842e+02
   2.0000000e+02   8.0000000e+02   0.0000000e+00   2.7240661e+03   9.8495408e+02
   3.0000000e+02   8.0000000e+02   0.0000000e+00   2.7346766e+03   1.1721467e+03
   4.0000000e+02   8.0000000e+02   0.0000000e+00   2.7452492e+03   1.3531231e+03
   5.0000000e+02   8.0000000e+02   0.0000000e+00   2.7545684e+03   1.5313936e+03
   6.0000000e+02   8.0000000e+02   0.0000000e+00   2.7613708e+03   1.7032849e+03
   7.0000000e+02   8.0000000e+02   0.0000000e+00   2.7664129e+03   1.8727818e+03
   8.0000000e+02   8.0000000e+02   0.0000000e+00   2.7715359e+03   2.0411410e+03
   0.0000000e+00   7.0000000e+02   0.0000000e+00   2.5013502e+03   6.2055867e+02
   1.0000000e+02   7.0000000e+02   0.0000000e+00   2.5190908e+03   8.1224046e+02
   2.0000000e+02   7.0000000e+02   0.0000000e+00   2.5334704e+03   9.9847654e+02
   3.0000000e+02   7.0000000e+02   0.0000000e+00   2.5472003e+03   1.1809211e+03
   4.0000000e+02   7.0000000e+02   0.0000000e+00   2.5587052e+03   1.3615725e+03
   5.0000000e+02   7.0000000e+02   0.0000000e+00   2.5693056e+03   1.5361052e+03
   6.0000000e+02   7.0000000e+02   0.0000000e+00   2.5778208e+03   1.7071084e+03
   7.0000000e+02   7.0000000e+02   0.0000000e+00   2.5862739e+03   1.8720881e+03
   8.0000000e+02   7.0000000e+02   0.0000000e+00   2.5943037e+03   2.0344933e+03
   0.0000000e+00   6.0000000e+02   0.0000000e+00   2.3128513e+03   6.3887427e+02
   1.0000000e+02   6.0000000e+02   0.0000000e+00   2.3309186e+03   8.2705983e+02
   2.0000000e+02   6.0000000e+02   0.0000000e+00   2.3464858e+03   1.0103594e+03
   3.0000000e+02   6.0000000e+02   0.0000000e+00   2.3626527e+03   1.1902646e+03
   4.0000000e+02   6.0000000e+02   0.0000000e+00   2.3772458e+03   1.3669497e+03
   5.0000000e+02   6.0000000e+02   0.0000000e+00   2.3891871e+03   1.5417784e+03
   6.0000000e+02   6.0000000e+02   0.0000000e+00   2.4002906e+03   1.7085548e+03
   7.0000000e+02   6.0000000e+02   0.0000000e+00   2.4106750e+03   1.8719437e+03
   8.0000000e+02   6.0000000e+02   0.0000000e+00   2.4204301e+03   2.0318638e+03
   0.0000000e+00   5.0000000e+02   0.0000000e+00   2.1304172e+03   6.5848211e+02
   1.0000000e+02   5.0000000e+02   0.0000000e+00   2.1503521e+03   8.4314698e+02
   2.0000000e+02   5.0000000e+02   0.0000000e+00   2.1678928e+03   1.0232459e+03
   3.0000000e+02   5.0000000e+02   0.0000000e+00   2.1837548e+03   1.2013306e+03
   4.0000000e+02   5.0000000e+02   0.0000000e+00   2.1984191e+03   1.3738945e+03
   5.0000000e+02   5.0000000e+02   0.0000000e+00   2.2144532e+03   1.5435438e+03
   6.0000000e+02   5.0000000e+02   0.0000000e+00   2.2273190e+03   1.7092876e+03
   7.0000000e+02   5.0000000e+02   0.0000000e+00   2.2395922e+03   1.8707771e+03
   8.0000000e+02   5.0000000e+02   0.0000000e+00   2.2507865e+03   2.0278431e+03
   0.0000000e+00   4.0000000e+02   0.0000000e+00   1.9532976e+03   6.7675285e+02
   1.0000000e+02   4.0000000e+02   0.0000000e+00   1.9738006e+03   8.5728427e+02
   2.0000000e+02   4.0000000e+02   0.0000000e+00   1.9916686e+03   1.0351724e+03
   3.0000000e+02   4.0000000e+02   0.0000000e+00   2.0095723e+03   1.2097538e+03
   4.0000000e+02   4.0000000e+02   0.0000000e+00   2.0281436e+03   1.3806255e+03
   5.0000000e+02   4.0000000e+02   0.0000000e+00   2.0433042e+03   1.5486637e+03
   6.0000000e+02   4.0000000e+02   0.0000000e+00   2.0591127e+03   1.7103427e+03
   7.0000000e+02   4.0000000e+02   0.0000000e+00   2.0734511e+03   1.8683794e+03
   8.0000000e+02   4.0000000e+02   0.0000000e+00   2.0869820e+03   2.0227951e+03
   0.0000000e+00   3.0000000e+02   0.0000000e+00   1.7820903e+03   6.9534418e+02
   1.0000000e+02   3.0000000e+02   0.0000000e+00   1.8032184e+03   8.7330258e+02
   2.0000000e+02   3.0000000e+02   0.0000000e+00   1.8225711e+03   1.0474045e+03
   3.0000000e+02   3.0000000e+02   0.0000000e+00   1.8407001e+03   1.2185811e+03
   4.0000000e+02   3.0000000e+02   0.0000000e+00   1.8593705e+03   1.3861355e+03
   5.0000000e+02   3.0000000e+02   0.0000000e+00   1.8783604e+03   1.5494781e+03
   6.0000000e+02   3.0000000e+02   0.0000000e+00   1.8943859e+03   1.7088296e+03
   7.0000000e+02   3.0000000e+02   0.0000000e+00   1.9119682e+03   1.8672805e+03
   8.0000000e+02   3.0000000e+02   0.0000000e+00   1.9273998e+03   2.0182201e+03
   0.0000000e+00   2.0000000e+02   0.0000000e+00   1.6170173e+03   7.1526861e+02
   1.0000000e+02   2.0000000e+02   0.0000000e+00   1.6370358e+03   8.8736154e+02
   2.0000000e+02   2.0000000e+02   0.0000000e+00   1.6572134e+03   1.0588138e+03
   3.0000000e+02   2.0000000e+02   0.0000000e+00   1.6794411e+03   1.2279657e+03
   4.0000000e+02   2.0000000e+02   0.0000000e+00   1.6986397e+03   1.3918640e+03
   5.0000000e+02   2.0000000e+02   0.0000000e+00   1.7181773e+03   1.5523076e+03
   6.0000000e+02   2.0000000e+02   0.0000000e+00   1.7367281e+03   1.7093446e+03
   7.0000000e+02   2.0000000e+02   0.0000000e+00   1.7528870e+03   1.8627993e+03
   8.0000000e+02   2.0000000e+02   0.0000000e+00   1.7729192e+03   2.0148650e+03
   0.0000000e+00   1.0000000e+02   0.0000000e+00   1.4562388e+03   7.3096307e+02
   1.0000000e+02   1.0000000e+02   0.0000000e+00   1.4775848e+03   9.0150549e+02
   2.0000000e+02   1.0000000e+02   0.0000000e+00   1.4995112e+03   1.0701697e+03
   3.0000000e+02   1.0000000e+02   0.0000000e+00   1.5222417e+03   1.2348092e+03
   4.0000000e+02   1.0000000e+02   0.0000000e+00   1.5417829e+03   1.3962602e+03
   5.0000000e+02   1.0000000e+02   0.0000000e+00   1.5628878e+03   1.5551228e+03
   6.0000000e+02   1.0000000e+02   0.0000000e+00   1.5824043e+03   1.7103651e+03
   7.0000000e+02   1.0000000e+02   0.0000000e+00   1.6032208e+03   1.8608262e+03
   8.0000000e+02   1.0000000e+02   0.0000000e+00   1.6198484e+03   2.0064434e+03
   0.0000000e+00   0.0000000e+00   0.0000000e+00   1.3021015e+03   7.4933859e+02
   1.0000000e+02   0.0000000e+00   0.0000000e+00   1.3252528e+03   9.1744848e+02
   2.0000000e+02   0.0000000e+00   0.0000000e+00   1.3481481e+03   1.0804834e+03
   3.0000000e+02   0.0000000e+00   0.0000000e+00   1.3689172e+03   1.2433070e+03
   4.0000000e+02   0.0000000e+00   0.0000000e+00   1.3916673e+03   1.4013198e+03
   5.0000000e+02   0.0000000e+00   0.0000000e+00   1.4148000e+03   1.5584447e+03
   6.0000000e+02   0.0000000e+00   0.0000000e+00   1.4356096e+03   1.7088862e+03
   7.0000000e+02   0.0000000e+00   0.0000000e+00   1.4573135e+03   1.8573911e+03
   8.0000000e+02   0.0000000e+00   0.0000000e+00   1.4774158e+03   2.0012773e+03
