   0.0000000e+00   8.0000000e+02   0.0000000e+00   2.3687486e+03   4.2447020e+02
   1.0000000e+02   8.0000000e+02   0.0000000e+00   2.3464311e+03   6.5056671e+02
   2.0000000e+02   8.0000000e+02   0.0000000e+00   2.3246972e+03   8.7067046e+02
   3.0000000e+02   8.0000000e+02   0.0000000e+00   2.3034353e+03   1.0777196e+03
   4.0000000e+02   8.0000000e+02   0.0000000e+00   2.2799448e+03   1.2773927e+03
   5.0000000e+02   8.0000000e+02   0.0000000e+00   2.2584138e+03   1.4649944e+03
   6.0000000e+02   8.0000000e+02   0.0000000e+00   2.2347478e+03   1.6446682e+03
   7.0000000e+02   8.0000000e+02   0.0000000e+00   2.2121198e+03   1.8127053e+03
   8.0000000e+02   8.0000000e+02   0.0000000e+00   2.1914431e+03   1.9749656e+03
   0.0000000e+00   7.0000000e+02   0.0000000e+00   2.1508758e+03   3.9387151e+02
   1.0000000e+02   7.0000000e+02   0.0000000e+00   2.1337755e+03   6.2014854e+02
   2.0000000e+02   7.0000000e+02   0.0000000e+00   2.1174494e+03   8.3197445e+02
   3.0000000e+02   7.0000000e+02   0.0000000e+00   2.1008946e+03   1.0362465e+03
   4.0000000e+02   7.0000000e+02   0.0000000e+00   2.0832746e+03   1.2304449e+03
   5.0000000e+02   7.0000000e+02   0.0000000e+00   2.0665907e+03   1.4162911e+03
   6.0000000e+02   7.0000000e+02   0.0000000e+00   2.0493894e+03   1.5919584e+03
   7.0000000e+02   7.0000000e+02   0.0000000e+00   2.0319906e+03   1.7594690e+03
   8.0000000e+02   7.0000000e+02   0.0000000e+00   2.0170721e+03   1.9179248e+03
   0.0000000e+00   6.0000000e+02   0.0000000e+00   1.9437227e+03   3.6930602e+02
   1.0000000e+02   6.0000000e+02   0.0000000e+00   1.9322909e+03   5.8727067e+02
   2.0000000e+02   6.0000000e+02   0.0000000e+00   1.9199540e+03   7.9681677e+02
   3.0000000e+02   6.0000000e+02   0.0000000e+00   1.9083266e+03   9.9627090e+02
   4.0000000e+02   6.0000000e+02   0.0000000e+00   1.8973564e+03   1.1864844e+03
   5.0000000e+02   6.0000000e+02   0.0000000e+00   1.8849833e+03   1.3686219e+03
   6.0000000e+02   6.0000000e+02   0.0000000e+00   1.8733774e+03   1.5414372e+03
   7.0000000e+02   6.0000000e+02   0.0000000e+00   1.8624979e+03   1.7078110e+03
   8.0000000e+02   6.0000000e+02   0.0000000e+00   1.8478972e+03   1.8622530e+03
   0.0000000e+00   5.0000000e+02   0.0000000e+00   1.7477935e+03   3.4880469e+02
   1.0000000e+02   5.0000000e+02   0.0000000e+00   1.7411034e+03   5.6060675e+02
   2.0000000e+02   5.0000000e+02   0.0000000e+00   1.7331678e+03   7.6172214e+02
   3.0000000e+02   5.0000000e+02   0.0000000e+00   1.7272277e+03   9.5860924e+02
   4.0000000e+02   5.0000000e+02   0.0000000e+00   1.7223418e+03   1.1460380e+03
   5.0000000e+02   5.0000000e+02   0.0000000e+00   1.7120345e+03   1.3225524e+03
   6.0000000e+02   5.0000000e+02   0.0000000e+00   1.7057891e+03   1.4929562e+03
   7.0000000e+02   5.0000000e+02   0.0000000e+00   1.6977728e+03   1.6554103e+03
   8.0000000e+02   5.0000000e+02   0.0000000e+00   1.6913150e+03   1.8111660e+03
   0.0000000e+00   4.0000000e+02   0.0000000e+00   1.5617804e+03   3.2695512e+02
   1.0000000e+02   4.0000000e+02   0.0000000e+00   1.5609482e+03   5.3442398e+02
   2.0000000e+02   4.0000000e+02   0.0000000e+00   1.5563398e+03   7.3133507e+02
   3.0000000e+02   4.0000000e+02   0.0000000e+00   1.5529331e+03   9.2176104e+02
   4.0000000e+02   4.0000000e+02   0.0000000e+00   1.5511763e+03   1.1048874e+03
   5.0000000e+02   4.0000000e+02   0.0000000e+00   1.5459248e+03   1.2788827e+03
   6.0000000e+02   4.0000000e+02   0.0000000e+00   1.5441829e+03   1.4475961e+03
   7.0000000e+02   4.0000000e+02   0.0000000e+00   1.5400893e+03   1.6049002e+03
   8.0000000e+02   4.0000000e+02   0.0000000e+00   1.5362523e+03   1.7573777e+03
   0.0000000e+00   3.0000000e+02   0.0000000e+00   1.3904144e+03   3.0902668e+02
   1.0000000e+02   3.0000000e+02   0.0000000e+00   1.3894655e+03   5.0941566e+02
   2.0000000e+02   3.0000000e+02   0.0000000e+00   1.3895442e+03   7.0260894e+02
   3.0000000e+02   3.0000000e+02   0.0000000e+00   1.3894237e+03   8.8923596e+02
   4.0000000e+02   3.0000000e+02   0.0000000e+00   1.3896971e+03   1.0664705e+03
   5.0000000e+02   3.0000000e+02   0.0000000e+00   1.3908593e+03   1.2390802e+03
   6.0000000e+02   3.0000000e+02   0.0000000e+00   1.3922535e+03   1.4030486e+03
   7.0000000e+02   3.0000000e+02   0.0000000e+00   1.3932648e+03   1.5589484e+03
   8.0000000e+02   3.0000000e+02   0.0000000e+00   1.3917705e+03   1.7067186e+03
   0.0000000e+00   2.0000000e+02   0.0000000e+00   1.2254908e+03   2.9346693e+02
   1.0000000e+02   2.0000000e+02   0.0000000e+00   1.2293652e+03   4.8920871e+02
   2.0000000e+02   2.0000000e+02   0.0000000e+00   1.2320436e+03   6.7568097e+02
   3.0000000e+02   2.0000000e+02   0.0000000e+00   1.2344454e+03   8.5780519e+02
   4.0000000e+02   2.0000000e+02   0.0000000e+00   1.2379124e+03   1.0321980e+03
   5.0000000e+02   2.0000000e+02   0.0000000e+00   1.2418792e+03   1.1989423e+03
   6.0000000e+02   2.0000000e+02   0.0000000e+00   1.2444595e+03   1.3590304e+03
   7.0000000e+02   2.0000000e+02   0.0000000e+00   1.2484313e+03   1.5113254e+03
   8.0000000e+02   2.0000000e+02   0.0000000e+00   1.2540333e+03   1.6592958e+03
   0.0000000e+00   1.0000000e+02   0.0000000e+00   1.0743754e+03   2.7963554e+02
   1.0000000e+02   1.0000000e+02   0.0000000e+00   1.0790845e+03   4.6795264e+02
   2.0000000e+02   1.0000000e+02   0.0000000e+00   1.0834138e+03   6.5123870e+02
   3.0000000e+02   1.0000000e+02   0.0000000e+00   1.0887658e+03   8.2811213e+02
   4.0000000e+02   1.0000000e+02   0.0000000e+00   1.0943321e+03   9.9712230e+02
   5.0000000e+02   1.0000000e+02   0.0000000e+00   1.1027681e+03   1.1617293e+03
   6.0000000e+02   1.0000000e+02   0.0000000e+00   1.1081912e+03   1.3193239e+03
   7.0000000e+02   1.0000000e+02   0.0000000e+00   1.1128338e+03   1.4676091e+03
   8.0000000e+02   1.0000000e+02   0.0000000e+00   1.1204455e+03   1.6125680e+03
   0.0000000e+00   0.0000000e+00   0.0000000e+00   9.2897972e+02   2.6693693e+02
   1.0000000e+02   0.0000000e+00   0.0000000e+00   9.3480375e+02   4.4950644e+02
   2.0000000e+02   0.0000000e+00   0.0000000e+00   9.4278653e+02   6.2843473e+02
   3.0000000e+02   0.0000000e+00   0.0000000e+00   9.5316765e+02   8.0092171e+02
   4.0000000e+02   0.0000000e+00   0.0000000e+00   9.5920509e+02   9.6561265e+02
   5.0000000e+02   0.0000000e+00   0.0000000e+00   9.6770856e+02   1.1258707e+03
   6.0000000e+02   0.0000000e+00   0.0000000e+00   9.7678659e+02   1.2809679e+03
   7.0000000e+02   0.0000000e+00   0.0000000e+00   9.8832904e+02   1.4291897e+03
   8.0000000e+02   0.0000000e+00   0.0000000e+00   9.9616605e+02   1.5690794e+03
