   0.0000000e+00   8.0000000e+02   0.0000000e+00   2.0535207e+03   2.9260910e+02
   1.0000000e+02   8.0000000e+02   0.0000000e+00   2.0374208e+03   4.8727158e+02
   2.0000000e+02   8.0000000e+02   0.0000000e+00   2.0233262e+03   6.7561738e+02
   3.0000000e+02   8.0000000e+02   0.0000000e+00   2.0082001e+03   8.5630667e+02
   4.0000000e+02   8.0000000e+02   0.0000000e+00   1.9943724e+03   1.0301053e+03
   5.0000000e+02   8.0000000e+02   0.0000000e+00   1.9805634e+03   1.1971703e+03
   6.0000000e+02   8.0000000e+02   0.0000000e+00   1.9668942e+03   1.3581024e+03
   7.0000000e+02   8.0000000e+02   0.0000000e+00   1.9537953e+03   1.5116565e+03
   8.0000000e+02   8.0000000e+02   0.0000000e+00   1.9407239e+03   1.6590714e+03
   0.0000000e+00   7.0000000e+02   0.0000000e+00   1.8815697e+03   2.9909283e+02
   1.0000000e+02   7.0000000e+02   0.0000000e+00   1.8705920e+03   4.9805867e+02
   2.0000000e+02   7.0000000e+02   0.0000000e+00   1.8585432e+03   6.9100733e+02
   3.0000000e+02   7.0000000e+02   0.0000000e+00   1.8473528e+03   8.7643335e+02
   4.0000000e+02   7.0000000e+02   0.0000000e+00   1.8363798e+03   1.0546097e+03
   5.0000000e+02   7.0000000e+02   0.0000000e+00   1.8254675e+03   1.2251049e+03
   6.0000000e+02   7.0000000e+02   0.0000000e+00   1.8147940e+03   1.3891483e+03
   7.0000000e+02   7.0000000e+02   0.0000000e+00   1.8046901e+03   1.5452036e+03
   8.0000000e+02   7.0000000e+02   0.0000000e+00   1.7952132e+03   1.6946414e+03
   0.0000000e+00   6.0000000e+02   0.0000000e+00   1.7034373e+03   3.0407450e+02
   1.0000000e+02   6.0000000e+02   0.0000000e+00   1.6940663e+03   5.1048683e+02
   2.0000000e+02   6.0000000e+02   0.0000000e+00   1.6857651e+03   7.0808386e+02
   3.0000000e+02   6.0000000e+02   0.0000000e+00   1.6773636e+03   8.9817785e+02
   4.0000000e+02   6.0000000e+02   0.0000000e+00   1.6697150e+03   1.0803362e+03
   5.0000000e+02   6.0000000e+02   0.0000000e+00   1.6627077e+03   1.2544919e+03
   6.0000000e+02   6.0000000e+02   0.0000000e+00   1.6556286e+03   1.4213150e+03
   7.0000000e+02   6.0000000e+02   0.0000000e+00   1.6492269e+03   1.5800858e+03
   8.0000000e+02   6.0000000e+02   0.0000000e+00   1.6427940e+03   1.7313076e+03
   0.0000000e+00   5.0000000e+02   0.0000000e+00   1.5128738e+03   3.1394856e+02
   1.0000000e+02   5.0000000e+02   0.0000000e+00   1.5076221e+03   5.2432611e+02
   2.0000000e+02   5.0000000e+02   0.0000000e+00   1.5033005e+03   7.2650324e+02
   3.0000000e+02   5.0000000e+02   0.0000000e+00   1.4993728e+03   9.2114487e+02
   4.0000000e+02   5.0000000e+02   0.0000000e+00   1.4953639e+03   1.1070647e+03
   5.0000000e+02   5.0000000e+02   0.0000000e+00   1.4923123e+03   1.2843459e+03
   6.0000000e+02   5.0000000e+02   0.0000000e+00   1.4894263e+03   1.4535330e+03
   7.0000000e+02   5.0000000e+02   0.0000000e+00   1.4864840e+03   1.6150442e+03
   8.0000000e+02   5.0000000e+02   0.0000000e+00   1.4840562e+03   1.7691330e+03
   0.0000000e+00   4.0000000e+02   0.0000000e+00   1.3135759e+03   3.2410193e+02
   1.0000000e+02   4.0000000e+02   0.0000000e+00   1.3131356e+03   5.3937664e+02
   2.0000000e+02   4.0000000e+02   0.0000000e+00   1.3123527e+03   7.4705384e+02
   3.0000000e+02   4.0000000e+02   0.0000000e+00   1.3123641e+03   9.4558232e+02
   4.0000000e+02   4.0000000e+02   0.0000000e+00   1.3132604e+03   1.1354409e+03
   5.0000000e+02   4.0000000e+02   0.0000000e+00   1.3138591e+03   1.3158218e+03
   6.0000000e+02   4.0000000e+02   0.0000000e+00   1.3150691e+03   1.4883629e+03
   7.0000000e+02   4.0000000e+02   0.0000000e+00   1.3170691e+03   1.6522571e+03
   8.0000000e+02   4.0000000e+02   0.0000000e+00   1.3185316e+03   1.8078607e+03
   0.0000000e+00   3.0000000e+02   0.0000000e+00   1.1027693e+03   3.3578263e+02
   1.0000000e+02   3.0000000e+02   0.0000000e+00   1.1071239e+03   5.5647709e+02
   2.0000000e+02   3.0000000e+02   0.0000000e+00   1.1114364e+03   7.6809135e+02
   3.0000000e+02   3.0000000e+02   0.0000000e+00   1.1165068e+03   9.7037734e+02
   4.0000000e+02   3.0000000e+02   0.0000000e+00   1.1217315e+03   1.1638563e+03
   5.0000000e+02   3.0000000e+02   0.0000000e+00   1.1275694e+03   1.3479504e+03
   6.0000000e+02   3.0000000e+02   0.0000000e+00   1.1345834e+03   1.5223138e+03
   7.0000000e+02   3.0000000e+02   0.0000000e+00   1.1404917e+03   1.6889122e+03
   8.0000000e+02   3.0000000e+02   0.0000000e+00   1.1465087e+03   1.8463960e+03
   0.0000000e+00   2.0000000e+02   0.0000000e+00   8.8353250e+02   3.4963270e+02
   1.0000000e+02   2.0000000e+02   0.0000000e+00   8.9250732e+02   5.7560013e+02
   2.0000000e+02   2.0000000e+02   0.0000000e+00   9.0216765e+02   7.9138164e+02
   3.0000000e+02   2.0000000e+02   0.0000000e+00   9.1214587e+02   9.9822587e+02
   4.0000000e+02   2.0000000e+02   0.0000000e+00   9.2285662e+02   1.1960362e+03
   5.0000000e+02   2.0000000e+02   0.0000000e+00   9.3441156e+02   1.3825910e+03
   6.0000000e+02   2.0000000e+02   0.0000000e+00   9.4560636e+02   1.5585589e+03
   7.0000000e+02   2.0000000e+02   0.0000000e+00   9.5691882e+02   1.7274754e+03
   8.0000000e+02   2.0000000e+02   0.0000000e+00   9.6836185e+02   1.8867655e+03
   0.0000000e+00   1.0000000e+02   0.0000000e+00   6.5426899e+02   3.6457730e+02
   1.0000000e+02   1.0000000e+02   0.0000000e+00   6.6830874e+02   5.9581382e+02
   2.0000000e+02   1.0000000e+02   0.0000000e+00   6.8437357e+02   8.1672337e+02
   3.0000000e+02   1.0000000e+02   0.0000000e+00   6.9982699e+02   1.0280891e+03
   4.0000000e+02   1.0000000e+02   0.0000000e+00   7.1655386e+02   1.2277413e+03
   5.0000000e+02   1.0000000e+02   0.0000000e+00   7.3360180e+02   1.4175887e+03
   6.0000000e+02   1.0000000e+02   0.0000000e+00   7.5058814e+02   1.5967351e+03
   7.0000000e+02   1.0000000e+02   0.0000000e+00   7.6638434e+02   1.7675811e+03
   8.0000000e+02   1.0000000e+02   0.0000000e+00   7.8286457e+02   1.9287053e+03
   0.0000000e+00   0.0000000e+00   0.0000000e+00   4.1312248e+02   3.8103449e+02
   1.0000000e+02   0.0000000e+00   0.0000000e+00   4.3571089e+02   6.1768180e+02
   2.0000000e+02   0.0000000e+00   0.0000000e+00   4.5741465e+02   8.4312601e+02
   3.0000000e+02   0.0000000e+00   0.0000000e+00   4.8003651e+02   1.0575064e+03
   4.0000000e+02   0.0000000e+00   0.0000000e+00   5.0321779e+02   1.2611388e+03
   5.0000000e+02   0.0000000e+00   0.0000000e+00   5.2529061e+02   1.4533632e+03
   6.0000000e+02   0.0000000e+00   0.0000000e+00   5.4779645e+02   1.6354900e+03
   7.0000000e+02   0.0000000e+00   0.0000000e+00   5.7063526e+02   1.8084600e+03
   8.0000000e+02   0.0000000e+00   0.0000000e+00   5.9219358e+02   1.9711414e+03
