   0.0000000e+00   8.0000000e+02   0.0000000e+00   2.6461698e+03   3.1431824e+02
   1.0000000e+02   8.0000000e+02   0.0000000e+00   2.6031809e+03   5.5436086e+02
   2.0000000e+02   8.0000000e+02   0.0000000e+00   2.5638554e+03   7.7174758e+02
   3.0000000e+02   8.0000000e+02   0.0000000e+00   2.5283265e+03   9.6856484e+02
   4.0000000e+02   8.0000000e+02   0.0000000e+00   2.4941952e+03   1.1488966e+03
   5.0000000e+02   8.0000000e+02   0.0000000e+00   2.4629623e+03   1.3121122e+03
   6.0000000e+02   8.0000000e+02   0.0000000e+00   2.4335296e+03   1.4625594e+03
   7.0000000e+02   8.0000000e+02   0.0000000e+00   2.4046340e+03   1.5990293e+03
   8.0000000e+02   8.0000000e+02   0.0000000e+00   2.3786767e+03   1.7262367e+03
   0.0000000e+00   7.0000000e+02   0.0000000e+00   2.3598736e+03   3.0425393e+02
   1.0000000e+02   7.0000000e+02   0.0000000e+00   2.3344168e+03   5.4553568e+02
   2.0000000e+02   7.0000000e+02   0.0000000e+00   2.3096937e+03   7.6244947e+02
   3.0000000e+02   7.0000000e+02   0.0000000e+00   2.2855734e+03   9.6033233e+02
   4.0000000e+02   7.0000000e+02   0.0000000e+00   2.2635585e+03   1.1406295e+03
   5.0000000e+02   7.0000000e+02   0.0000000e+00   2.2424363e+03   1.3044974e+03
   6.0000000e+02   7.0000000e+02   0.0000000e+00   2.2227217e+03   1.4548959e+03
   7.0000000e+02   7.0000000e+02   0.0000000e+00   2.2039723e+03   1.5915451e+03
   8.0000000e+02   7.0000000e+02   0.0000000e+00   2.1866295e+03   1.7174907e+03
   0.0000000e+00   6.0000000e+02   0.0000000e+00   2.0802394e+03   2.9734280e+02
   1.0000000e+02   6.0000000e+02   0.0000000e+00   2.0673091e+03   5.3710967e+02
   2.0000000e+02   6.0000000e+02   0.0000000e+00   2.0556238e+03   7.5469087e+02
   3.0000000e+02   6.0000000e+02   0.0000000e+00   2.0441997e+03   9.5243028e+02
   4.0000000e+02   6.0000000e+02   0.0000000e+00   2.0329499e+03   1.1319984e+03
   5.0000000e+02   6.0000000e+02   0.0000000e+00   2.0226489e+03   1.2963534e+03
   6.0000000e+02   6.0000000e+02   0.0000000e+00   2.0124446e+03   1.4463831e+03
   7.0000000e+02   6.0000000e+02   0.0000000e+00   2.0033906e+03   1.5833393e+03
   8.0000000e+02   6.0000000e+02   0.0000000e+00   1.9938152e+03   1.7086937e+03
   0.0000000e+00   5.0000000e+02   0.0000000e+00   1.7999645e+03   2.9290113e+02
   1.0000000e+02   5.0000000e+02   0.0000000e+00   1.8014151e+03   5.3207100e+02
   2.0000000e+02   5.0000000e+02   0.0000000e+00   1.8025758e+03   7.4836379e+02
   3.0000000e+02   5.0000000e+02   0.0000000e+00   1.8034064e+03   9.4548458e+02
   4.0000000e+02   5.0000000e+02   0.0000000e+00   1.8032578e+03   1.1243595e+03
   5.0000000e+02   5.0000000e+02   0.0000000e+00   1.8035270e+03   1.2879552e+03
   6.0000000e+02   5.0000000e+02   0.0000000e+00   1.8033544e+03   1.4368791e+03
   7.0000000e+02   5.0000000e+02   0.0000000e+00   1.8035057e+03   1.5738759e+03
   8.0000000e+02   5.0000000e+02   0.0000000e+00   1.8025970e+03   1.6997069e+03
   0.0000000e+00   4.0000000e+02   0.0000000e+00   1.5238644e+03   2.9054723e+02
   1.0000000e+02   4.0000000e+02   0.0000000e+00   1.5388958e+03   5.2673667e+02
   2.0000000e+02   4.0000000e+02   0.0000000e+00   1.5523646e+03   7.4248583e+02
   3.0000000e+02   4.0000000e+02   0.0000000e+00   1.5647756e+03   9.3783559e+02
   4.0000000e+02   4.0000000e+02   0.0000000e+00   1.5766229e+03   1.1161269e+03
   5.0000000e+02   4.0000000e+02   0.0000000e+00   1.5872778e+03   1.2785544e+03
   6.0000000e+02   4.0000000e+02   0.0000000e+00   1.5961861e+03   1.4280323e+03
   7.0000000e+02   4.0000000e+02   0.0000000e+00   1.6054349e+03   1.5641360e+03
   8.0000000e+02   4.0000000e+02   0.0000000e+00   1.6118166e+03   1.6886119e+03
   0.0000000e+00   3.0000000e+02   0.0000000e+00   1.2528342e+03   2.8813756e+02
   1.0000000e+02   3.0000000e+02   0.0000000e+00   1.2811272e+03   5.2416693e+02
   2.0000000e+02   3.0000000e+02   0.0000000e+00   1.3068046e+03   7.3720502e+02
   3.0000000e+02   3.0000000e+02   0.0000000e+00   1.3305656e+03   9.3055163e+02
   4.0000000e+02   3.0000000e+02   0.0000000e+00   1.3517019e+03   1.1079322e+03
   5.0000000e+02   3.0000000e+02   0.0000000e+00   1.3722855e+03   1.2691296e+03
   6.0000000e+02   3.0000000e+02   0.0000000e+00   1.3912890e+03   1.4167211e+03
   7.0000000e+02   3.0000000e+02   0.0000000e+00   1.4083230e+03   1.5525704e+03
   8.0000000e+02   3.0000000e+02   0.0000000e+00   1.4246305e+03   1.6773705e+03
   0.0000000e+00   2.0000000e+02   0.0000000e+00   9.8905292e+02   2.9024847e+02
   1.0000000e+02   2.0000000e+02   0.0000000e+00   1.0300697e+03   5.2199269e+02
   2.0000000e+02   2.0000000e+02   0.0000000e+00   1.0664042e+03   7.3326680e+02
   3.0000000e+02   2.0000000e+02   0.0000000e+00   1.1013369e+03   9.2512380e+02
   4.0000000e+02   2.0000000e+02   0.0000000e+00   1.1324876e+03   1.1007205e+03
   5.0000000e+02   2.0000000e+02   0.0000000e+00   1.1630447e+03   1.2612541e+03
   6.0000000e+02   2.0000000e+02   0.0000000e+00   1.1903348e+03   1.4078931e+03
   7.0000000e+02   2.0000000e+02   0.0000000e+00   1.2162587e+03   1.5425533e+03
   8.0000000e+02   2.0000000e+02   0.0000000e+00   1.2391115e+03   1.6665836e+03
   0.0000000e+00   1.0000000e+02   0.0000000e+00   7.3352886e+02   2.9291644e+02
   1.0000000e+02   1.0000000e+02   0.0000000e+00   7.8493358e+02   5.2151741e+02
   2.0000000e+02   1.0000000e+02   0.0000000e+00   8.3332160e+02   7.2995456e+02
   3.0000000e+02   1.0000000e+02   0.0000000e+00   8.7766874e+02   9.2041473e+02
   4.0000000e+02   1.0000000e+02   0.0000000e+00   9.2006198e+02   1.0935120e+03
   5.0000000e+02   1.0000000e+02   0.0000000e+00   9.5822468e+02   1.2529754e+03
   6.0000000e+02   1.0000000e+02   0.0000000e+00   9.9280863e+02   1.3976754e+03
   7.0000000e+02   1.0000000e+02   0.0000000e+00   1.0249014e+03   1.5311718e+03
   8.0000000e+02   1.0000000e+02   0.0000000e+00   1.0575889e+03   1.6555461e+03
   0.0000000e+00   0.0000000e+00   0.0000000e+00   4.8682033e+02   2.9700554e+02
   1.0000000e+02   0.0000000e+00   0.0000000e+00   5.4952378e+02   5.2178763e+02
   2.0000000e+02   0.0000000e+00   0.0000000e+00   6.0672432e+02   7.2733049e+02
   3.0000000e+02   0.0000000e+00   0.0000000e+00   6.6151805e+02   9.1514166e+02
   4.0000000e+02   0.0000000e+00   0.0000000e+00   7.1108105e+02   1.0868401e+03
   5.0000000e+02   0.0000000e+00   0.0000000e+00   7.5750847e+02   1.2444371e+03
   6.0000000e+02   0.0000000e+00   0.0000000e+00   8.0164697e+02   1.3890899e+03
   7.0000000e+02   0.0000000e+00   0.0000000e+00   8.4122881e+02   1.5205361e+03
   8.0000000e+02   0.0000000e+00   0.0000000e+00   8.7954407e+02   1.6430311e+03
