   0.0000000e+00   8.0000000e+02   0.0000000e+00   2.6271458e+03   1.3096099e+03
   1.0000000e+02   8.0000000e+02   0.0000000e+00   2.5591312e+03   1.4402870e+03
   2.0000000e+02   8.0000000e+02   0.0000000e+00   2.5013811e+03   1.5542870e+03
   3.0000000e+02   8.0000000e+02   0.0000000e+00   2.4489816e+03   1.6558056e+03
   4.0000000e+02   8.0000000e+02   0.0000000e+00   2.4038429e+03   1.7465423e+03
   5.0000000e+02   8.0000000e+02   0.0000000e+00   2.3612192e+03   1.8286691e+03
   6.0000000e+02   8.0000000e+02   0.0000000e+00   2.3227949e+03   1.9024950e+03
   7.0000000e+02   8.0000000e+02   0.0000000e+00   2.2878072e+03   1.9701647e+03
   8.0000000e+02   8.0000000e+02   0.0000000e+00   2.2560485e+03   2.0322296e+03
   0.0000000e+00   7.0000000e+02   0.0000000e+00   2.3603141e+03   1.3111216e+03
   1.0000000e+02   7.0000000e+02   0.0000000e+00   2.3110574e+03   1.4425340e+03
   2.0000000e+02   7.0000000e+02   0.0000000e+00   2.2678166e+03   1.5576071e+03
   3.0000000e+02   7.0000000e+02   0.0000000e+00   2.2284066e+03   1.6599165e+03
   4.0000000e+02   7.0000000e+02   0.0000000e+00   2.1936281e+03   1.7501982e+03
   5.0000000e+02   7.0000000e+02   0.0000000e+00   2.1620276e+03   1.8328170e+03
   6.0000000e+02   7.0000000e+02   0.0000000e+00   2.1331515e+03   1.9064174e+03
   7.0000000e+02   7.0000000e+02   0.0000000e+00   2.1067660e+03   1.9742534e+03
   8.0000000e+02   7.0000000e+02   0.0000000e+00   2.0851691e+03   2.0341259e+03
   0.0000000e+00   6.0000000e+02   0.0000000e+00   2.0928731e+03   1.3124203e+03
   1.0000000e+02   6.0000000e+02   0.0000000e+00   2.0588481e+03   1.4451320e+03
   2.0000000e+02   6.0000000e+02   0.0000000e+00   2.0299224e+03   1.5607938e+03
   3.0000000e+02   6.0000000e+02   0.0000000e+00   2.0043869e+03   1.6631368e+03
   4.0000000e+02   6.0000000e+02   0.0000000e+00   1.9822210e+03   1.7539383e+03
   5.0000000e+02   6.0000000e+02   0.0000000e+00   1.9612773e+03   1.8362563e+03
   6.0000000e+02   6.0000000e+02   0.0000000e+00   1.9425540e+03   1.9095201e+03
   7.0000000e+02   6.0000000e+02   0.0000000e+00   1.9255561e+03   1.9768379e+03
   8.0000000e+02   6.0000000e+02   0.0000000e+00   1.9098526e+03   2.0377405e+03
   0.0000000e+00   5.0000000e+02   0.0000000e+00   1.8175790e+03   1.3148093e+03
   1.0000000e+02   5.0000000e+02   0.0000000e+00   1.8027755e+03   1.4480183e+03
   2.0000000e+02   5.0000000e+02   0.0000000e+00   1.7895809e+03   1.5633071e+03
   3.0000000e+02   5.0000000e+02   0.0000000e+00   1.7782721e+03   1.6653808e+03
   4.0000000e+02   5.0000000e+02   0.0000000e+00   1.7684574e+03   1.7564071e+03
   5.0000000e+02   5.0000000e+02   0.0000000e+00   1.7588876e+03   1.8379274e+03
   6.0000000e+02   5.0000000e+02   0.0000000e+00   1.7515143e+03   1.9113935e+03
   7.0000000e+02   5.0000000e+02   0.0000000e+00   1.7434449e+03   1.9781811e+03
   8.0000000e+02   5.0000000e+02   0.0000000e+00   1.7358320e+03   2.0395127e+03
   0.0000000e+00   4.0000000e+02   0.0000000e+00   1.5428808e+03   1.3154020e+03
   1.0000000e+02   4.0000000e+02   0.0000000e+00   1.5450345e+03   1.4479262e+03
   2.0000000e+02   4.0000000e+02   0.0000000e+00   1.5491041e+03   1.5648309e+03
   3.0000000e+02   4.0000000e+02   0.0000000e+00   1.5520108e+03   1.6667356e+03
   4.0000000e+02   4.0000000e+02   0.0000000e+00   1.5545206e+03   1.7577916e+03
   5.0000000e+02   4.0000000e+02   0.0000000e+00   1.5570486e+03   1.8392997e+03
   6.0000000e+02   4.0000000e+02   0.0000000e+00   1.5595700e+03   1.9129224e+03
   7.0000000e+02   4.0000000e+02   0.0000000e+00   1.5619239e+03   1.9798438e+03
   8.0000000e+02   4.0000000e+02   0.0000000e+00   1.5628574e+03   2.0398018e+03
   0.0000000e+00   3.0000000e+02   0.0000000e+00   1.2686540e+03   1.3166542e+03
   1.0000000e+02   3.0000000e+02   0.0000000e+00   1.2900214e+03   1.4482644e+03
   2.0000000e+02   3.0000000e+02   0.0000000e+00   1.3078192e+03   1.5647737e+03
   3.0000000e+02   3.0000000e+02   0.0000000e+00   1.3261496e+03   1.6674923e+03
   4.0000000e+02   3.0000000e+02   0.0000000e+00   1.3404429e+03   1.7584207e+03
   5.0000000e+02   3.0000000e+02   0.0000000e+00   1.3541697e+03   1.8392265e+03
   6.0000000e+02   3.0000000e+02   0.0000000e+00   1.3667844e+03   1.9133103e+03
   7.0000000e+02   3.0000000e+02   0.0000000e+00   1.3779438e+03   1.9785455e+03
   8.0000000e+02   3.0000000e+02   0.0000000e+00   1.3876230e+03   2.0392642e+03
   0.0000000e+00   2.0000000e+02   0.0000000e+00   9.9654424e+02   1.3168461e+03
   1.0000000e+02   2.0000000e+02   0.0000000e+00   1.0357383e+03   1.4496434e+03
   2.0000000e+02   2.0000000e+02   0.0000000e+00   1.0691836e+03   1.5656388e+03
   3.0000000e+02   2.0000000e+02   0.0000000e+00   1.0997281e+03   1.6676336e+03
   4.0000000e+02   2.0000000e+02   0.0000000e+00   1.1284759e+03   1.7579326e+03
   5.0000000e+02   2.0000000e+02   0.0000000e+00   1.1533039e+03   1.8384476e+03
   6.0000000e+02   2.0000000e+02   0.0000000e+00   1.1742401e+03   1.9111812e+03
   7.0000000e+02   2.0000000e+02   0.0000000e+00   1.1958165e+03   1.9787315e+03
   8.0000000e+02   2.0000000e+02   0.0000000e+00   1.2135933e+03   2.0379186e+03
   0.0000000e+00   1.0000000e+02   0.0000000e+00   7.2974604e+02   1.3177917e+03
   1.0000000e+02   1.0000000e+02   0.0000000e+00   7.8629051e+02   1.4485483e+03
   2.0000000e+02   1.0000000e+02   0.0000000e+00   8.3454181e+02   1.5638905e+03
   3.0000000e+02   1.0000000e+02   0.0000000e+00   8.7917032e+02   1.6665275e+03
   4.0000000e+02   1.0000000e+02   0.0000000e+00   9.1747364e+02   1.7563077e+03
   5.0000000e+02   1.0000000e+02   0.0000000e+00   9.5258479e+02   1.8376631e+03
   6.0000000e+02   1.0000000e+02   0.0000000e+00   9.8607543e+02   1.9106895e+03
   7.0000000e+02   1.0000000e+02   0.0000000e+00   1.0167258e+03   1.9775297e+03
   8.0000000e+02   1.0000000e+02   0.0000000e+00   1.0396656e+03   2.0353615e+03
   0.0000000e+00   0.0000000e+00   0.0000000e+00   4.6887187e+02   1.3174662e+03
   1.0000000e+02   0.0000000e+00   0.0000000e+00   5.4035481e+02   1.4485476e+03
   2.0000000e+02   0.0000000e+00   0.0000000e+00   6.0360348e+02   1.5630610e+03
   3.0000000e+02   0.0000000e+00   0.0000000e+00   6.5970385e+02   1.6645344e+03
   4.0000000e+02   0.0000000e+00   0.0000000e+00   7.0950141e+02   1.7546633e+03
   5.0000000e+02   0.0000000e+00   0.0000000e+00   7.5755461e+02   1.8360310e+03
   6.0000000e+02   0.0000000e+00   0.0000000e+00   7.9848280e+02   1.9088506e+03
   7.0000000e+02   0.0000000e+00   0.0000000e+00   8.3594689e+02   1.9738986e+03
   8.0000000e+02   0.0000000e+00   0.0000000e+00   8.6661419e+02   2.0318250e+03
