   0.0000000e+00   8.0000000e+02   0.0000000e+00   2.2224449e+03   3.5448989e+02
   1.0000000e+02   8.0000000e+02   0.0000000e+00   2.2361939e+03   5.2293608e+02
   2.0000000e+02   8.0000000e+02   0.0000000e+00   2.2523198e+03   6.9565865e+02
   3.0000000e+02   8.0000000e+02   0.0000000e+00   2.2656512e+03   8.6820067e+02
   4.0000000e+02   8.0000000e+02   0.0000000e+00   2.2791426e+03   1.0443403e+03
   5.0000000e+02   8.0000000e+02   0.0000000e+00   2.2928524e+03   1.2207165e+03
   6.0000000e+02   8.0000000e+02   0.0000000e+00   2.3053552e+03   1.3974938e+03
   7.0000000e+02   8.0000000e+02   0.0000000e+00   2.3172158e+03   1.5769801e+03
   8.0000000e+02   8.0000000e+02   0.0000000e+00   2.3264958e+03   1.7565527e+03
   0.0000000e+00   7.0000000e+02   0.0000000e+00   2.0691769e+03   3.4368726e+02
   1.0000000e+02   7.0000000e+02   0.0000000e+00   2.0817514e+03   5.1662914e+02
   2.0000000e+02   7.0000000e+02   0.0000000e+00   2.0956529e+03   6.9333358e+02
   3.0000000e+02   7.0000000e+02   0.0000000e+00   2.1103894e+03   8.7032238e+02
   4.0000000e+02   7.0000000e+02   0.0000000e+00   2.1225971e+03   1.0486810e+03
   5.0000000e+02   7.0000000e+02   0.0000000e+00   2.1373623e+03   1.2306254e+03
   6.0000000e+02   7.0000000e+02   0.0000000e+00   2.1501054e+03   1.4121853e+03
   7.0000000e+02   7.0000000e+02   0.0000000e+00   2.1601827e+03   1.5919634e+03
   8.0000000e+02   7.0000000e+02   0.0000000e+00   2.1706606e+03   1.7738939e+03
   0.0000000e+00   6.0000000e+02   0.0000000e+00   1.9076924e+03   3.3487409e+02
   1.0000000e+02   6.0000000e+02   0.0000000e+00   1.9224113e+03   5.1158731e+02
   2.0000000e+02   6.0000000e+02   0.0000000e+00   1.9355000e+03   6.9027902e+02
   3.0000000e+02   6.0000000e+02   0.0000000e+00   1.9477372e+03   8.7121452e+02
   4.0000000e+02   6.0000000e+02   0.0000000e+00   1.9604773e+03   1.0544352e+03
   5.0000000e+02   6.0000000e+02   0.0000000e+00   1.9742931e+03   1.2384597e+03
   6.0000000e+02   6.0000000e+02   0.0000000e+00   1.9864061e+03   1.4239487e+03
   7.0000000e+02   6.0000000e+02   0.0000000e+00   1.9984561e+03   1.6093948e+03
   8.0000000e+02   6.0000000e+02   0.0000000e+00   2.0110363e+03   1.7936755e+03
   0.0000000e+00   5.0000000e+02   0.0000000e+00   1.7416665e+03   3.2982354e+02
   1.0000000e+02   5.0000000e+02   0.0000000e+00   1.7533600e+03   5.0725992e+02
   2.0000000e+02   5.0000000e+02   0.0000000e+00   1.7649669e+03   6.8971197e+02
   3.0000000e+02   5.0000000e+02   0.0000000e+00   1.7797005e+03   8.7326248e+02
   4.0000000e+02   5.0000000e+02   0.0000000e+00   1.7909361e+03   1.0588547e+03
   5.0000000e+02   5.0000000e+02   0.0000000e+00   1.8041193e+03   1.2472077e+03
   6.0000000e+02   5.0000000e+02   0.0000000e+00   1.8164812e+03   1.4359278e+03
   7.0000000e+02   5.0000000e+02   0.0000000e+00   1.8285275e+03   1.6254605e+03
   8.0000000e+02   5.0000000e+02   0.0000000e+00   1.8408514e+03   1.8145593e+03
   0.0000000e+00   4.0000000e+02   0.0000000e+00   1.5683576e+03   3.2163764e+02
   1.0000000e+02   4.0000000e+02   0.0000000e+00   1.5794690e+03   5.0421370e+02
   2.0000000e+02   4.0000000e+02   0.0000000e+00   1.5910010e+03   6.8755625e+02
   3.0000000e+02   4.0000000e+02   0.0000000e+00   1.6018257e+03   8.7542083e+02
   4.0000000e+02   4.0000000e+02   0.0000000e+00   1.6145174e+03   1.0651629e+03
   5.0000000e+02   4.0000000e+02   0.0000000e+00   1.6270932e+03   1.2551223e+03
   6.0000000e+02   4.0000000e+02   0.0000000e+00   1.6396987e+03   1.4474432e+03
   7.0000000e+02   4.0000000e+02   0.0000000e+00   1.6521523e+03   1.6418961e+03
   8.0000000e+02   4.0000000e+02   0.0000000e+00   1.6652917e+03   1.8352888e+03
   0.0000000e+00   3.0000000e+02   0.0000000e+00   1.3881477e+03   3.1443692e+02
   1.0000000e+02   3.0000000e+02   0.0000000e+00   1.3983121e+03   5.0022111e+02
   2.0000000e+02   3.0000000e+02   0.0000000e+00   1.4073843e+03   6.8554524e+02
   3.0000000e+02   3.0000000e+02   0.0000000e+00   1.4187179e+03   8.7749961e+02
   4.0000000e+02   3.0000000e+02   0.0000000e+00   1.4312523e+03   1.0702111e+03
   5.0000000e+02   3.0000000e+02   0.0000000e+00   1.4427254e+03   1.2652832e+03
   6.0000000e+02   3.0000000e+02   0.0000000e+00   1.4553332e+03   1.4609939e+03
   7.0000000e+02   3.0000000e+02   0.0000000e+00   1.4690720e+03   1.6593888e+03
   8.0000000e+02   3.0000000e+02   0.0000000e+00   1.4809442e+03   1.8555009e+03
   0.0000000e+00   2.0000000e+02   0.0000000e+00   1.2023152e+03   3.0842922e+02
   1.0000000e+02   2.0000000e+02   0.0000000e+00   1.2105932e+03   4.9606498e+02
   2.0000000e+02   2.0000000e+02   0.0000000e+00   1.2199971e+03   6.8705957e+02
   3.0000000e+02   2.0000000e+02   0.0000000e+00   1.2293382e+03   8.7883870e+02
   4.0000000e+02   2.0000000e+02   0.0000000e+00   1.2416611e+03   1.0776077e+03
   5.0000000e+02   2.0000000e+02   0.0000000e+00   1.2531803e+03   1.2764255e+03
   6.0000000e+02   2.0000000e+02   0.0000000e+00   1.2652200e+03   1.4762956e+03
   7.0000000e+02   2.0000000e+02   0.0000000e+00   1.2777454e+03   1.6759128e+03
   8.0000000e+02   2.0000000e+02   0.0000000e+00   1.2901500e+03   1.8757524e+03
   0.0000000e+00   1.0000000e+02   0.0000000e+00   1.0115641e+03   3.0238210e+02
   1.0000000e+02   1.0000000e+02   0.0000000e+00   1.0169689e+03   4.9341111e+02
   2.0000000e+02   1.0000000e+02   0.0000000e+00   1.0267088e+03   6.8784106e+02
   3.0000000e+02   1.0000000e+02   0.0000000e+00   1.0356764e+03   8.8507377e+02
   4.0000000e+02   1.0000000e+02   0.0000000e+00   1.0456542e+03   1.0839255e+03
   5.0000000e+02   1.0000000e+02   0.0000000e+00   1.0565229e+03   1.2873479e+03
   6.0000000e+02   1.0000000e+02   0.0000000e+00   1.0678839e+03   1.4895267e+03
   7.0000000e+02   1.0000000e+02   0.0000000e+00   1.0806573e+03   1.6936766e+03
   8.0000000e+02   1.0000000e+02   0.0000000e+00   1.0936011e+03   1.8964398e+03
   0.0000000e+00   0.0000000e+00   0.0000000e+00   8.1280021e+02   2.9753001e+02
   1.0000000e+02   0.0000000e+00   0.0000000e+00   8.1836100e+02   4.9144160e+02
   2.0000000e+02   0.0000000e+00   0.0000000e+00   8.2512737e+02   6.8564016e+02
   3.0000000e+02   0.0000000e+00   0.0000000e+00   8.3316919e+02   8.8893689e+02
   4.0000000e+02   0.0000000e+00   0.0000000e+00   8.4354712e+02   1.0922107e+03
   5.0000000e+02   0.0000000e+00   0.0000000e+00   8.5268150e+02   1.2974769e+03
   6.0000000e+02   0.0000000e+00   0.0000000e+00   8.6466272e+02   1.5033879e+03
   7.0000000e+02   0.0000000e+00   0.0000000e+00   8.7916245e+02   1.7113289e+03
   8.0000000e+02   0.0000000e+00   0.0000000e+00   8.9056158e+02   1.9148682e+03
