   0.0000000e+00   8.0000000e+02   0.0000000e+00   2.1883919e+03   7.5431162e+02
   1.0000000e+02   8.0000000e+02   0.0000000e+00   2.1445945e+03   8.8425099e+02
   2.0000000e+02   8.0000000e+02   0.0000000e+00   2.0992394e+03   1.0194805e+03
   3.0000000e+02   8.0000000e+02   0.0000000e+00   2.0523573e+03   1.1582602e+03
   4.0000000e+02   8.0000000e+02   0.0000000e+00   2.0031493e+03   1.3024840e+03
   5.0000000e+02   8.0000000e+02   0.0000000e+00   1.9517084e+03   1.4496010e+03
   6.0000000e+02   8.0000000e+02   0.0000000e+00   1.8979980e+03   1.6019560e+03
   7.0000000e+02   8.0000000e+02   0.0000000e+00   1.8432739e+03   1.7576479e+03
   8.0000000e+02   8.0000000e+02   0.0000000e+00   1.7848179e+03   1.9184595e+03
   0.0000000e+00   7.0000000e+02   0.0000000e+00   2.0454801e+03   7.3239555e+02
   1.0000000e+02   7.0000000e+02   0.0000000e+00   2.0004605e+03   8.6012466e+02
   2.0000000e+02   7.0000000e+02   0.0000000e+00   1.9542299e+03   9.9223073e+02
   3.0000000e+02   7.0000000e+02   0.0000000e+00   1.9055713e+03   1.1286367e+03
   4.0000000e+02   7.0000000e+02   0.0000000e+00   1.8551541e+03   1.2693561e+03
   5.0000000e+02   7.0000000e+02   0.0000000e+00   1.8025021e+03   1.4136052e+03
   6.0000000e+02   7.0000000e+02   0.0000000e+00   1.7468313e+03   1.5633005e+03
   7.0000000e+02   7.0000000e+02   0.0000000e+00   1.6913391e+03   1.7152395e+03
   8.0000000e+02   7.0000000e+02   0.0000000e+00   1.6324519e+03   1.8712288e+03
   0.0000000e+00   6.0000000e+02   0.0000000e+00   1.9093535e+03   7.1173937e+02
   1.0000000e+02   6.0000000e+02   0.0000000e+00   1.8621883e+03   8.3734467e+02
   2.0000000e+02   6.0000000e+02   0.0000000e+00   1.8135588e+03   9.6588482e+02
   3.0000000e+02   6.0000000e+02   0.0000000e+00   1.7637570e+03   1.0995630e+03
   4.0000000e+02   6.0000000e+02   0.0000000e+00   1.7122565e+03   1.2370883e+03
   5.0000000e+02   6.0000000e+02   0.0000000e+00   1.6589169e+03   1.3784677e+03
   6.0000000e+02   6.0000000e+02   0.0000000e+00   1.6025283e+03   1.5243637e+03
   7.0000000e+02   6.0000000e+02   0.0000000e+00   1.5457512e+03   1.6729531e+03
   8.0000000e+02   6.0000000e+02   0.0000000e+00   1.4865690e+03   1.8256887e+03
   0.0000000e+00   5.0000000e+02   0.0000000e+00   1.7756340e+03   6.9441746e+02
   1.0000000e+02   5.0000000e+02   0.0000000e+00   1.7280008e+03   8.1535936e+02
   2.0000000e+02   5.0000000e+02   0.0000000e+00   1.6786369e+03   9.4222152e+02
   3.0000000e+02   5.0000000e+02   0.0000000e+00   1.6275361e+03   1.0725612e+03
   4.0000000e+02   5.0000000e+02   0.0000000e+00   1.5741227e+03   1.2070891e+03
   5.0000000e+02   5.0000000e+02   0.0000000e+00   1.5202433e+03   1.3447285e+03
   6.0000000e+02   5.0000000e+02   0.0000000e+00   1.4637392e+03   1.4863438e+03
   7.0000000e+02   5.0000000e+02   0.0000000e+00   1.4062731e+03   1.6318880e+03
   8.0000000e+02   5.0000000e+02   0.0000000e+00   1.3465780e+03   1.7812802e+03
   0.0000000e+00   4.0000000e+02   0.0000000e+00   1.6486455e+03   6.7522251e+02
   1.0000000e+02   4.0000000e+02   0.0000000e+00   1.5994717e+03   7.9510718e+02
   2.0000000e+02   4.0000000e+02   0.0000000e+00   1.5492381e+03   9.1909159e+02
   3.0000000e+02   4.0000000e+02   0.0000000e+00   1.4960116e+03   1.0459304e+03
   4.0000000e+02   4.0000000e+02   0.0000000e+00   1.4423423e+03   1.1770189e+03
   5.0000000e+02   4.0000000e+02   0.0000000e+00   1.3868007e+03   1.3122830e+03
   6.0000000e+02   4.0000000e+02   0.0000000e+00   1.3308630e+03   1.4507284e+03
   7.0000000e+02   4.0000000e+02   0.0000000e+00   1.2728431e+03   1.5926966e+03
   8.0000000e+02   4.0000000e+02   0.0000000e+00   1.2128467e+03   1.7377419e+03
   0.0000000e+00   3.0000000e+02   0.0000000e+00   1.5258761e+03   6.5759231e+02
   1.0000000e+02   3.0000000e+02   0.0000000e+00   1.4748668e+03   7.7526639e+02
   2.0000000e+02   3.0000000e+02   0.0000000e+00   1.4235736e+03   8.9603467e+02
   3.0000000e+02   3.0000000e+02   0.0000000e+00   1.3698413e+03   1.0208641e+03
   4.0000000e+02   3.0000000e+02   0.0000000e+00   1.3155931e+03   1.1488401e+03
   5.0000000e+02   3.0000000e+02   0.0000000e+00   1.2597242e+03   1.2805790e+03
   6.0000000e+02   3.0000000e+02   0.0000000e+00   1.2035651e+03   1.4151391e+03
   7.0000000e+02   3.0000000e+02   0.0000000e+00   1.1443860e+03   1.5546025e+03
   8.0000000e+02   3.0000000e+02   0.0000000e+00   1.0850105e+03   1.6969044e+03
   0.0000000e+00   2.0000000e+02   0.0000000e+00   1.4066883e+03   6.4203806e+02
   1.0000000e+02   2.0000000e+02   0.0000000e+00   1.3556588e+03   7.5698131e+02
   2.0000000e+02   2.0000000e+02   0.0000000e+00   1.3031312e+03   8.7495171e+02
   3.0000000e+02   2.0000000e+02   0.0000000e+00   1.2495982e+03   9.9674025e+02
   4.0000000e+02   2.0000000e+02   0.0000000e+00   1.1944748e+03   1.1219703e+03
   5.0000000e+02   2.0000000e+02   0.0000000e+00   1.1385843e+03   1.2505014e+03
   6.0000000e+02   2.0000000e+02   0.0000000e+00   1.0810950e+03   1.3825731e+03
   7.0000000e+02   2.0000000e+02   0.0000000e+00   1.0226822e+03   1.5180420e+03
   8.0000000e+02   2.0000000e+02   0.0000000e+00   9.6294199e+02   1.6556918e+03
   0.0000000e+00   1.0000000e+02   0.0000000e+00   1.2923111e+03   6.2742376e+02
   1.0000000e+02   1.0000000e+02   0.0000000e+00   1.2409177e+03   7.3954931e+02
   2.0000000e+02   1.0000000e+02   0.0000000e+00   1.1876654e+03   8.5493454e+02
   3.0000000e+02   1.0000000e+02   0.0000000e+00   1.1337628e+03   9.7437756e+02
   4.0000000e+02   1.0000000e+02   0.0000000e+00   1.0786689e+03   1.0962208e+03
   5.0000000e+02   1.0000000e+02   0.0000000e+00   1.0214613e+03   1.2222660e+03
   6.0000000e+02   1.0000000e+02   0.0000000e+00   9.6346639e+02   1.3509618e+03
   7.0000000e+02   1.0000000e+02   0.0000000e+00   9.0532547e+02   1.4822987e+03
   8.0000000e+02   1.0000000e+02   0.0000000e+00   8.4646440e+02   1.6168897e+03
   0.0000000e+00   0.0000000e+00   0.0000000e+00   1.1831545e+03   6.1242045e+02
   1.0000000e+02   0.0000000e+00   0.0000000e+00   1.1295399e+03   7.2291089e+02
   2.0000000e+02   0.0000000e+00   0.0000000e+00   1.0767451e+03   8.3538754e+02
   3.0000000e+02   0.0000000e+00   0.0000000e+00   1.0221431e+03   9.5240800e+02
   4.0000000e+02   0.0000000e+00   0.0000000e+00   9.6639624e+02   1.0713906e+03
   5.0000000e+02   0.0000000e+00   0.0000000e+00   9.0860189e+02   1.1944991e+03
   6.0000000e+02   0.0000000e+00   0.0000000e+00   8.5244154e+02   1.3198331e+03
   7.0000000e+02   0.0000000e+00   0.0000000e+00   7.9275658e+02   1.4495278e+03
   8.0000000e+02   0.0000000e+00   0.0000000e+00   7.3360165e+02   1.5800830e+03
