   0.0000000e+00   8.0000000e+02   0.0000000e+00   2.1818055e+03   3.8521697e+02
   1.0000000e+02   8.0000000e+02   0.0000000e+00   2.2175323e+03   5.3369620e+02
   2.0000000e+02   8.0000000e+02   0.0000000e+00   2.2561689e+03   6.8919001e+02
   3.0000000e+02   8.0000000e+02   0.0000000e+00   2.2949727e+03   8.5122203e+02
   4.0000000e+02   8.0000000e+02   0.0000000e+00   2.3355867e+03   1.0186878e+03
   5.0000000e+02   8.0000000e+02   0.0000000e+00   2.3761237e+03   1.1928170e+03
   6.0000000e+02   8.0000000e+02   0.0000000e+00   2.4185553e+03   1.3729604e+03
   7.0000000e+02   8.0000000e+02   0.0000000e+00   2.4608639e+03   1.5568708e+03
   8.0000000e+02   8.0000000e+02   0.0000000e+00   2.5042398e+03   1.7492495e+03
   0.0000000e+00   7.0000000e+02   0.0000000e+00   2.0307105e+03   3.7122604e+02
   1.0000000e+02   7.0000000e+02   0.0000000e+00   2.0661307e+03   5.2351488e+02
   2.0000000e+02   7.0000000e+02   0.0000000e+00   2.1017874e+03   6.8206431e+02
   3.0000000e+02   7.0000000e+02   0.0000000e+00   2.1392111e+03   8.4771929e+02
   4.0000000e+02   7.0000000e+02   0.0000000e+00   2.1775791e+03   1.0184180e+03
   5.0000000e+02   7.0000000e+02   0.0000000e+00   2.2178395e+03   1.1975228e+03
   6.0000000e+02   7.0000000e+02   0.0000000e+00   2.2573892e+03   1.3823109e+03
   7.0000000e+02   7.0000000e+02   0.0000000e+00   2.2991640e+03   1.5729022e+03
   8.0000000e+02   7.0000000e+02   0.0000000e+00   2.3411625e+03   1.7683888e+03
   0.0000000e+00   6.0000000e+02   0.0000000e+00   1.8743966e+03   3.5825367e+02
   1.0000000e+02   6.0000000e+02   0.0000000e+00   1.9073423e+03   5.1291511e+02
   2.0000000e+02   6.0000000e+02   0.0000000e+00   1.9406934e+03   6.7481802e+02
   3.0000000e+02   6.0000000e+02   0.0000000e+00   1.9755289e+03   8.4384105e+02
   4.0000000e+02   6.0000000e+02   0.0000000e+00   2.0125242e+03   1.0204929e+03
   5.0000000e+02   6.0000000e+02   0.0000000e+00   2.0502064e+03   1.2036999e+03
   6.0000000e+02   6.0000000e+02   0.0000000e+00   2.0862662e+03   1.3887640e+03
   7.0000000e+02   6.0000000e+02   0.0000000e+00   2.1298500e+03   1.5862080e+03
   8.0000000e+02   6.0000000e+02   0.0000000e+00   2.1671449e+03   1.7881566e+03
   0.0000000e+00   5.0000000e+02   0.0000000e+00   1.7107001e+03   3.4770535e+02
   1.0000000e+02   5.0000000e+02   0.0000000e+00   1.7410451e+03   5.0408281e+02
   2.0000000e+02   5.0000000e+02   0.0000000e+00   1.7719880e+03   6.6984778e+02
   3.0000000e+02   5.0000000e+02   0.0000000e+00   1.8047434e+03   8.4110283e+02
   4.0000000e+02   5.0000000e+02   0.0000000e+00   1.8382638e+03   1.0206141e+03
   5.0000000e+02   5.0000000e+02   0.0000000e+00   1.8735547e+03   1.2075470e+03
   6.0000000e+02   5.0000000e+02   0.0000000e+00   1.9101945e+03   1.4013107e+03
   7.0000000e+02   5.0000000e+02   0.0000000e+00   1.9465942e+03   1.6026789e+03
   8.0000000e+02   5.0000000e+02   0.0000000e+00   1.9845612e+03   1.8106598e+03
   0.0000000e+00   4.0000000e+02   0.0000000e+00   1.5403994e+03   3.3315049e+02
   1.0000000e+02   4.0000000e+02   0.0000000e+00   1.5666923e+03   4.9454205e+02
   2.0000000e+02   4.0000000e+02   0.0000000e+00   1.5948080e+03   6.6278405e+02
   3.0000000e+02   4.0000000e+02   0.0000000e+00   1.6248174e+03   8.3851520e+02
   4.0000000e+02   4.0000000e+02   0.0000000e+00   1.6552954e+03   1.0220714e+03
   5.0000000e+02   4.0000000e+02   0.0000000e+00   1.6873471e+03   1.2133231e+03
   6.0000000e+02   4.0000000e+02   0.0000000e+00   1.7213974e+03   1.4123609e+03
   7.0000000e+02   4.0000000e+02   0.0000000e+00   1.7573265e+03   1.6213095e+03
   8.0000000e+02   4.0000000e+02   0.0000000e+00   1.7912684e+03   1.8328121e+03
   0.0000000e+00   3.0000000e+02   0.0000000e+00   1.3623366e+03   3.2167923e+02
   1.0000000e+02   3.0000000e+02   0.0000000e+00   1.3854513e+03   4.8411132e+02
   2.0000000e+02   3.0000000e+02   0.0000000e+00   1.4105425e+03   6.5623235e+02
   3.0000000e+02   3.0000000e+02   0.0000000e+00   1.4365444e+03   8.3551049e+02
   4.0000000e+02   3.0000000e+02   0.0000000e+00   1.4633724e+03   1.0231350e+03
   5.0000000e+02   3.0000000e+02   0.0000000e+00   1.4923511e+03   1.2188457e+03
   6.0000000e+02   3.0000000e+02   0.0000000e+00   1.5231379e+03   1.4233610e+03
   7.0000000e+02   3.0000000e+02   0.0000000e+00   1.5555963e+03   1.6349897e+03
   8.0000000e+02   3.0000000e+02   0.0000000e+00   1.5887893e+03   1.8548016e+03
   0.0000000e+00   2.0000000e+02   0.0000000e+00   1.1776600e+03   3.0985003e+02
   1.0000000e+02   2.0000000e+02   0.0000000e+00   1.1980843e+03   4.7470824e+02
   2.0000000e+02   2.0000000e+02   0.0000000e+00   1.2179486e+03   6.5071672e+02
   3.0000000e+02   2.0000000e+02   0.0000000e+00   1.2401988e+03   8.3320169e+02
   4.0000000e+02   2.0000000e+02   0.0000000e+00   1.2628799e+03   1.0253260e+03
   5.0000000e+02   2.0000000e+02   0.0000000e+00   1.2885836e+03   1.2259485e+03
   6.0000000e+02   2.0000000e+02   0.0000000e+00   1.3157266e+03   1.4349416e+03
   7.0000000e+02   2.0000000e+02   0.0000000e+00   1.3434914e+03   1.6525149e+03
   8.0000000e+02   2.0000000e+02   0.0000000e+00   1.3738112e+03   1.8776447e+03
   0.0000000e+00   1.0000000e+02   0.0000000e+00   9.8705177e+02   2.9941317e+02
   1.0000000e+02   1.0000000e+02   0.0000000e+00   1.0022891e+03   4.6773038e+02
   2.0000000e+02   1.0000000e+02   0.0000000e+00   1.0176821e+03   6.4528369e+02
   3.0000000e+02   1.0000000e+02   0.0000000e+00   1.0361787e+03   8.3252808e+02
   4.0000000e+02   1.0000000e+02   0.0000000e+00   1.0555519e+03   1.0285487e+03
   5.0000000e+02   1.0000000e+02   0.0000000e+00   1.0760010e+03   1.2321222e+03
   6.0000000e+02   1.0000000e+02   0.0000000e+00   1.0991551e+03   1.4462436e+03
   7.0000000e+02   1.0000000e+02   0.0000000e+00   1.1239586e+03   1.6687065e+03
   8.0000000e+02   1.0000000e+02   0.0000000e+00   1.1501615e+03   1.9001441e+03
   0.0000000e+00   0.0000000e+00   0.0000000e+00   7.8857073e+02   2.8854629e+02
   1.0000000e+02   0.0000000e+00   0.0000000e+00   7.9965164e+02   4.6143070e+02
   2.0000000e+02   0.0000000e+00   0.0000000e+00   8.1038145e+02   6.4087233e+02
   3.0000000e+02   0.0000000e+00   0.0000000e+00   8.2425934e+02   8.3130697e+02
   4.0000000e+02   0.0000000e+00   0.0000000e+00   8.3822382e+02   1.0306435e+03
   5.0000000e+02   0.0000000e+00   0.0000000e+00   8.5510024e+02   1.2391225e+03
   6.0000000e+02   0.0000000e+00   0.0000000e+00   8.7347136e+02   1.4581270e+03
   7.0000000e+02   0.0000000e+00   0.0000000e+00   8.9436921e+02   1.6860649e+03
   8.0000000e+02   0.0000000e+00   0.0000000e+00   9.1730258e+02   1.9225780e+03
