   0.0000000e+00   8.0000000e+02   0.0000000e+00   2.1575379e+03   4.2544782e+02
   1.0000000e+02   8.0000000e+02   0.0000000e+00   2.1590526e+03   5.9556354e+02
   2.0000000e+02   8.0000000e+02   0.0000000e+00   2.1615253e+03   7.6872806e+02
   3.0000000e+02   8.0000000e+02   0.0000000e+00   2.1628538e+03   9.4273366e+02
   4.0000000e+02   8.0000000e+02   0.0000000e+00   2.1637030e+03   1.1184861e+03
   5.0000000e+02   8.0000000e+02   0.0000000e+00   2.1638465e+03   1.2937654e+03
   6.0000000e+02   8.0000000e+02   0.0000000e+00   2.1632930e+03   1.4716914e+03
   7.0000000e+02   8.0000000e+02   0.0000000e+00   2.1613094e+03   1.6471920e+03
   8.0000000e+02   8.0000000e+02   0.0000000e+00   2.1589601e+03   1.8242842e+03
   0.0000000e+00   7.0000000e+02   0.0000000e+00   1.9840451e+03   4.3187557e+02
   1.0000000e+02   7.0000000e+02   0.0000000e+00   1.9860879e+03   6.0163947e+02
   2.0000000e+02   7.0000000e+02   0.0000000e+00   1.9876521e+03   7.7307649e+02
   3.0000000e+02   7.0000000e+02   0.0000000e+00   1.9890692e+03   9.4638053e+02
   4.0000000e+02   7.0000000e+02   0.0000000e+00   1.9893018e+03   1.1203251e+03
   5.0000000e+02   7.0000000e+02   0.0000000e+00   1.9898446e+03   1.2950131e+03
   6.0000000e+02   7.0000000e+02   0.0000000e+00   1.9886587e+03   1.4700320e+03
   7.0000000e+02   7.0000000e+02   0.0000000e+00   1.9870328e+03   1.6448118e+03
   8.0000000e+02   7.0000000e+02   0.0000000e+00   1.9853584e+03   1.8194523e+03
   0.0000000e+00   6.0000000e+02   0.0000000e+00   1.8163346e+03   4.4030198e+02
   1.0000000e+02   6.0000000e+02   0.0000000e+00   1.8172646e+03   6.0781151e+02
   2.0000000e+02   6.0000000e+02   0.0000000e+00   1.8176790e+03   7.7786915e+02
   3.0000000e+02   6.0000000e+02   0.0000000e+00   1.8174590e+03   9.4971392e+02
   4.0000000e+02   6.0000000e+02   0.0000000e+00   1.8172937e+03   1.1215444e+03
   5.0000000e+02   6.0000000e+02   0.0000000e+00   1.8174918e+03   1.2949691e+03
   6.0000000e+02   6.0000000e+02   0.0000000e+00   1.8170115e+03   1.4686618e+03
   7.0000000e+02   6.0000000e+02   0.0000000e+00   1.8159082e+03   1.6411904e+03
   8.0000000e+02   6.0000000e+02   0.0000000e+00   1.8143686e+03   1.8144085e+03
   0.0000000e+00   5.0000000e+02   0.0000000e+00   1.6498795e+03   4.5017335e+02
   1.0000000e+02   5.0000000e+02   0.0000000e+00   1.6504439e+03   6.1581291e+02
   2.0000000e+02   5.0000000e+02   0.0000000e+00   1.6503003e+03   7.8416290e+02
   3.0000000e+02   5.0000000e+02   0.0000000e+00   1.6499519e+03   9.5332470e+02
   4.0000000e+02   5.0000000e+02   0.0000000e+00   1.6494420e+03   1.1235324e+03
   5.0000000e+02   5.0000000e+02   0.0000000e+00   1.6494818e+03   1.2946433e+03
   6.0000000e+02   5.0000000e+02   0.0000000e+00   1.6489371e+03   1.4662478e+03
   7.0000000e+02   5.0000000e+02   0.0000000e+00   1.6482991e+03   1.6374386e+03
   8.0000000e+02   5.0000000e+02   0.0000000e+00   1.6468069e+03   1.8079289e+03
   0.0000000e+00   4.0000000e+02   0.0000000e+00   1.4887828e+03   4.5864956e+02
   1.0000000e+02   4.0000000e+02   0.0000000e+00   1.4877368e+03   6.2291969e+02
   2.0000000e+02   4.0000000e+02   0.0000000e+00   1.4860267e+03   7.8909796e+02
   3.0000000e+02   4.0000000e+02   0.0000000e+00   1.4856114e+03   9.5666462e+02
   4.0000000e+02   4.0000000e+02   0.0000000e+00   1.4847932e+03   1.1252013e+03
   5.0000000e+02   4.0000000e+02   0.0000000e+00   1.4842947e+03   1.2941035e+03
   6.0000000e+02   4.0000000e+02   0.0000000e+00   1.4848149e+03   1.4640897e+03
   7.0000000e+02   4.0000000e+02   0.0000000e+00   1.4833076e+03   1.6335327e+03
   8.0000000e+02   4.0000000e+02   0.0000000e+00   1.4830529e+03   1.8025768e+03
   0.0000000e+00   3.0000000e+02   0.0000000e+00   1.3304500e+03   4.6845930e+02
   1.0000000e+02   3.0000000e+02   0.0000000e+00   1.3286074e+03   6.3061830e+02
   2.0000000e+02   3.0000000e+02   0.0000000e+00   1.3270354e+03   7.9534528e+02
   3.0000000e+02   3.0000000e+02   0.0000000e+00   1.3255341e+03   9.5994956e+02
   4.0000000e+02   3.0000000e+02   0.0000000e+00   1.3242704e+03   1.1265873e+03
   5.0000000e+02   3.0000000e+02   0.0000000e+00   1.3239311e+03   1.2929346e+03
   6.0000000e+02   3.0000000e+02   0.0000000e+00   1.3235953e+03   1.4606849e+03
   7.0000000e+02   3.0000000e+02   0.0000000e+00   1.3230531e+03   1.6282216e+03
   8.0000000e+02   3.0000000e+02   0.0000000e+00   1.3236641e+03   1.7944177e+03
   0.0000000e+00   2.0000000e+02   0.0000000e+00   1.1764815e+03   4.7929112e+02
   1.0000000e+02   2.0000000e+02   0.0000000e+00   1.1739437e+03   6.3983117e+02
   2.0000000e+02   2.0000000e+02   0.0000000e+00   1.1716362e+03   8.0095864e+02
   3.0000000e+02   2.0000000e+02   0.0000000e+00   1.1697712e+03   9.6441916e+02
   4.0000000e+02   2.0000000e+02   0.0000000e+00   1.1678260e+03   1.1285978e+03
   5.0000000e+02   2.0000000e+02   0.0000000e+00   1.1676285e+03   1.2937103e+03
   6.0000000e+02   2.0000000e+02   0.0000000e+00   1.1672671e+03   1.4589359e+03
   7.0000000e+02   2.0000000e+02   0.0000000e+00   1.1664140e+03   1.6240053e+03
   8.0000000e+02   2.0000000e+02   0.0000000e+00   1.1659478e+03   1.7875112e+03
   0.0000000e+00   1.0000000e+02   0.0000000e+00   1.0269763e+03   4.8983925e+02
   1.0000000e+02   1.0000000e+02   0.0000000e+00   1.0242531e+03   6.4725296e+02
   2.0000000e+02   1.0000000e+02   0.0000000e+00   1.0212128e+03   8.0766122e+02
   3.0000000e+02   1.0000000e+02   0.0000000e+00   1.0190080e+03   9.6853793e+02
   4.0000000e+02   1.0000000e+02   0.0000000e+00   1.0166599e+03   1.1311648e+03
   5.0000000e+02   1.0000000e+02   0.0000000e+00   1.0162452e+03   1.2935970e+03
   6.0000000e+02   1.0000000e+02   0.0000000e+00   1.0145093e+03   1.4559516e+03
   7.0000000e+02   1.0000000e+02   0.0000000e+00   1.0139384e+03   1.6185584e+03
   8.0000000e+02   1.0000000e+02   0.0000000e+00   1.0148429e+03   1.7804033e+03
   0.0000000e+00   0.0000000e+00   0.0000000e+00   8.8155261e+02   5.0027341e+02
   1.0000000e+02   0.0000000e+00   0.0000000e+00   8.7841121e+02   6.5656764e+02
   2.0000000e+02   0.0000000e+00   0.0000000e+00   8.7465242e+02   8.1333435e+02
   3.0000000e+02   0.0000000e+00   0.0000000e+00   8.7215769e+02   9.7251555e+02
   4.0000000e+02   0.0000000e+00   0.0000000e+00   8.7011487e+02   1.1317430e+03
   5.0000000e+02   0.0000000e+00   0.0000000e+00   8.6744798e+02   1.2924029e+03
   6.0000000e+02   0.0000000e+00   0.0000000e+00   8.6727358e+02   1.4528092e+03
   7.0000000e+02   0.0000000e+00   0.0000000e+00   8.6695747e+02   1.6129729e+03
   8.0000000e+02   0.0000000e+00   0.0000000e+00   8.6818302e+02   1.7733198e+03
