   0.0000000e+00   8.0000000e+02   0.0000000e+00   2.5699001e+03   7.9002809e+02
   1.0000000e+02   8.0000000e+02   0.0000000e+00   2.4997630e+03   9.0949783e+02
   2.0000000e+02   8.0000000e+02   0.0000000e+00   2.4381012e+03   1.0146702e+03
   3.0000000e+02   8.0000000e+02   0.0000000e+00   2.3861611e+03   1.1052503e+03
   4.0000000e+02   8.0000000e+02   0.0000000e+00   2.3357565e+03   1.1901822e+03
   5.0000000e+02   8.0000000e+02   0.0000000e+00   2.2950401e+03   1.2621766e+03
   6.0000000e+02   8.0000000e+02   0.0000000e+00   2.2548373e+03   1.3302752e+03
   7.0000000e+02   8.0000000e+02   0.0000000e+00   2.2196374e+03   1.3902564e+03
   8.0000000e+02   8.0000000e+02   0.0000000e+00   2.1864624e+03   1.4466197e+03
   0.0000000e+00   7.0000000e+02   0.0000000e+00   2.3052930e+03   7.9047787e+02
   1.0000000e+02   7.0000000e+02   0.0000000e+00   2.2518016e+03   9.1275471e+02
   2.0000000e+02   7.0000000e+02   0.0000000e+00   2.2074652e+03   1.0174731e+03
   3.0000000e+02   7.0000000e+02   0.0000000e+00   2.1661507e+03   1.1114122e+03
   4.0000000e+02   7.0000000e+02   0.0000000e+00   2.1313385e+03   1.1936460e+03
   5.0000000e+02   7.0000000e+02   0.0000000e+00   2.0984836e+03   1.2686067e+03
   6.0000000e+02   7.0000000e+02   0.0000000e+00   2.0697699e+03   1.3349418e+03
   7.0000000e+02   7.0000000e+02   0.0000000e+00   2.0433048e+03   1.3959803e+03
   8.0000000e+02   7.0000000e+02   0.0000000e+00   2.0206550e+03   1.4497375e+03
   0.0000000e+00   6.0000000e+02   0.0000000e+00   2.0360984e+03   7.9361935e+02
   1.0000000e+02   6.0000000e+02   0.0000000e+00   2.0018592e+03   9.1566812e+02
   2.0000000e+02   6.0000000e+02   0.0000000e+00   1.9717428e+03   1.0221730e+03
   3.0000000e+02   6.0000000e+02   0.0000000e+00   1.9462978e+03   1.1156780e+03
   4.0000000e+02   6.0000000e+02   0.0000000e+00   1.9225852e+03   1.1991220e+03
   5.0000000e+02   6.0000000e+02   0.0000000e+00   1.9028281e+03   1.2725315e+03
   6.0000000e+02   6.0000000e+02   0.0000000e+00   1.8825209e+03   1.3398281e+03
   7.0000000e+02   6.0000000e+02   0.0000000e+00   1.8666956e+03   1.3995202e+03
   8.0000000e+02   6.0000000e+02   0.0000000e+00   1.8513197e+03   1.4545561e+03
   0.0000000e+00   5.0000000e+02   0.0000000e+00   1.7627989e+03   7.9657545e+02
   1.0000000e+02   5.0000000e+02   0.0000000e+00   1.7471416e+03   9.2016601e+02
   2.0000000e+02   5.0000000e+02   0.0000000e+00   1.7345752e+03   1.0263539e+03
   3.0000000e+02   5.0000000e+02   0.0000000e+00   1.7223349e+03   1.1206229e+03
   4.0000000e+02   5.0000000e+02   0.0000000e+00   1.7135003e+03   1.2029220e+03
   5.0000000e+02   5.0000000e+02   0.0000000e+00   1.7039467e+03   1.2775276e+03
   6.0000000e+02   5.0000000e+02   0.0000000e+00   1.6959847e+03   1.3432291e+03
   7.0000000e+02   5.0000000e+02   0.0000000e+00   1.6885747e+03   1.4029209e+03
   8.0000000e+02   5.0000000e+02   0.0000000e+00   1.6829082e+03   1.4571384e+03
   0.0000000e+00   4.0000000e+02   0.0000000e+00   1.4868184e+03   8.0140384e+02
   1.0000000e+02   4.0000000e+02   0.0000000e+00   1.4916585e+03   9.2438565e+02
   2.0000000e+02   4.0000000e+02   0.0000000e+00   1.4948164e+03   1.0314211e+03
   3.0000000e+02   4.0000000e+02   0.0000000e+00   1.4992603e+03   1.1242067e+03
   4.0000000e+02   4.0000000e+02   0.0000000e+00   1.5017418e+03   1.2079226e+03
   5.0000000e+02   4.0000000e+02   0.0000000e+00   1.5054233e+03   1.2804634e+03
   6.0000000e+02   4.0000000e+02   0.0000000e+00   1.5076007e+03   1.3467280e+03
   7.0000000e+02   4.0000000e+02   0.0000000e+00   1.5108389e+03   1.4066824e+03
   8.0000000e+02   4.0000000e+02   0.0000000e+00   1.5119377e+03   1.4615249e+03
   0.0000000e+00   3.0000000e+02   0.0000000e+00   1.2116671e+03   8.0588948e+02
   1.0000000e+02   3.0000000e+02   0.0000000e+00   1.2343223e+03   9.2930059e+02
   2.0000000e+02   3.0000000e+02   0.0000000e+00   1.2565938e+03   1.0355176e+03
   3.0000000e+02   3.0000000e+02   0.0000000e+00   1.2752154e+03   1.1290354e+03
   4.0000000e+02   3.0000000e+02   0.0000000e+00   1.2914325e+03   1.2107676e+03
   5.0000000e+02   3.0000000e+02   0.0000000e+00   1.3062442e+03   1.2845405e+03
   6.0000000e+02   3.0000000e+02   0.0000000e+00   1.3187614e+03   1.3499305e+03
   7.0000000e+02   3.0000000e+02   0.0000000e+00   1.3307592e+03   1.4091252e+03
   8.0000000e+02   3.0000000e+02   0.0000000e+00   1.3414839e+03   1.4632867e+03
   0.0000000e+00   2.0000000e+02   0.0000000e+00   9.3864289e+02   8.1338515e+02
   1.0000000e+02   2.0000000e+02   0.0000000e+00   9.8196491e+02   9.3446301e+02
   2.0000000e+02   2.0000000e+02   0.0000000e+00   1.0182818e+03   1.0404888e+03
   3.0000000e+02   2.0000000e+02   0.0000000e+00   1.0521591e+03   1.1328345e+03
   4.0000000e+02   2.0000000e+02   0.0000000e+00   1.0811265e+03   1.2153695e+03
   5.0000000e+02   2.0000000e+02   0.0000000e+00   1.1077462e+03   1.2881699e+03
   6.0000000e+02   2.0000000e+02   0.0000000e+00   1.1307679e+03   1.3539279e+03
   7.0000000e+02   2.0000000e+02   0.0000000e+00   1.1535740e+03   1.4117821e+03
   8.0000000e+02   2.0000000e+02   0.0000000e+00   1.1707464e+03   1.4654210e+03
   0.0000000e+00   1.0000000e+02   0.0000000e+00   6.6947724e+02   8.1856978e+02
   1.0000000e+02   1.0000000e+02   0.0000000e+00   7.2856958e+02   9.3845643e+02
   2.0000000e+02   1.0000000e+02   0.0000000e+00   7.8465252e+02   1.0442882e+03
   3.0000000e+02   1.0000000e+02   0.0000000e+00   8.3153336e+02   1.1383335e+03
   4.0000000e+02   1.0000000e+02   0.0000000e+00   8.7404803e+02   1.2186343e+03
   5.0000000e+02   1.0000000e+02   0.0000000e+00   9.1120805e+02   1.2923230e+03
   6.0000000e+02   1.0000000e+02   0.0000000e+00   9.4453072e+02   1.3563007e+03
   7.0000000e+02   1.0000000e+02   0.0000000e+00   9.7522960e+02   1.4150451e+03
   8.0000000e+02   1.0000000e+02   0.0000000e+00   1.0025542e+03   1.4667043e+03
   0.0000000e+00   0.0000000e+00   0.0000000e+00   4.0565148e+02   8.2595812e+02
   1.0000000e+02   0.0000000e+00   0.0000000e+00   4.8379000e+02   9.4470280e+02
   2.0000000e+02   0.0000000e+00   0.0000000e+00   5.5124087e+02   1.0494059e+03
   3.0000000e+02   0.0000000e+00   0.0000000e+00   6.1413683e+02   1.1407477e+03
   4.0000000e+02   0.0000000e+00   0.0000000e+00   6.6909440e+02   1.2234192e+03
   5.0000000e+02   0.0000000e+00   0.0000000e+00   7.1584834e+02   1.2943615e+03
   6.0000000e+02   0.0000000e+00   0.0000000e+00   7.6083371e+02   1.3601026e+03
   7.0000000e+02   0.0000000e+00   0.0000000e+00   8.0023160e+02   1.4167675e+03
   8.0000000e+02   0.0000000e+00   0.0000000e+00   8.3345308e+02   1.4689972e+03
